cmd: target/release/sudoku
events: Ir
fl=./csu/../csu/libc-start.c
fn=__libc_start_main@@GLIBC_2.34
128 2
134 3
135 7
138 1
139 2
142 3
143 2
144 16
145 8
242 13
311 3
312 3
337 6
340 2
343 2
350 2
352 2
360 4
fl=./csu/../sysdeps/nptl/libc_start_call_main.h
fn=(below main)
29 9
44 3
46 2
51 2
52 2
55 2
58 6
74 2
fl=./csu/./csu/init-first.c
fn=_init_first
46 6
51 2
55 5
61 1
62 1
63 2
71 2
72 3
fl=./ctype/./ctype/ctype-info.c
fn=__ctype_init
29 1
31 7
33 4
35 4
36 1
fl=./debug/../sysdeps/x86_64/multiarch/ifunc-memmove.h
fn=__memcpy_chk
56 2
57 3
60 3
61 2
74 2
77 2
85 2
93 2
96 5
fn=__memmove_chk
56 2
57 3
60 3
61 2
74 2
77 2
85 2
93 2
96 5
fn=__mempcpy_chk
56 2
57 3
60 3
61 2
74 2
77 2
85 2
93 2
96 5
fl=./debug/../sysdeps/x86_64/multiarch/ifunc-memset.h
fn=__memset_chk
54 5
57 3
58 2
64 2
73 2
75 2
85 2
93 2
96 5
fl=./debug/../sysdeps/x86_64/multiarch/memcpy_chk.c
fn=__memcpy_chk
29 1
fl=./debug/../sysdeps/x86_64/multiarch/memmove_chk.c
fn=__memmove_chk
29 1
fl=./debug/../sysdeps/x86_64/multiarch/mempcpy_chk.c
fn=__mempcpy_chk
29 1
fl=./debug/../sysdeps/x86_64/multiarch/memset_chk.c
fn=__memset_chk
29 1
fl=./elf/../bits/stdlib-bsearch.h
fn=intel_check_word.constprop.0
27 96
28 48
29 744
31 648
32 348
35 264
37 120
fl=./elf/../elf/dl-tls.c
fn=_dl_add_to_slotinfo
1017 27
1023 3
1026 3
1027 3
1031 9
1065 6
1068 6
1069 9
1072 18
fn=_dl_allocate_tls_init
523 11
524 2
528 2
531 1
534 2
537 3
549 1
554 27
560 9
563 9
564 6
570 9
571 6
573 24
576 6
577 6
580 6
581 12
583 6
584 6
593 3
601 6
603 30
609 3
615 2
618 2
621 9
fn=_dl_allocate_tls_storage
365 1
369 1
370 1
371 2
374 1
380 2
417 7
419 1
430 1
431 1
432 2
440 6
441 1
445 305
464 1
470 7
fn=_dl_assign_tls_modid
125 8
128 4
141 2
181 2
183 2
186 2
187 4
fn=_dl_count_modids
192 1
194 2
195 1
210 2
fn=_dl_determine_tlsoffset
216 9
217 1
218 1
219 1
222 4
225 2
259 1
261 25
263 9
265 9
266 6
268 6
270 15
281 3
286 24
288 6
289 3
294 3
301 1
302 7
304 2
354 1
355 8
fn=_dl_tls_static_surplus_init
83 3
97 8
100 6
101 5
102 3
104 4
107 1
109 1
111 3
112 6
fl=./elf/../include/list.h
fn=__tls_init_tp
43 2
44 2
45 1
47 1
fl=./elf/../include/rtld-malloc.h
fn=__minimal_calloc
56 10
fn=_dl_allocate_tls_storage
44 2
56 1
fn=_dl_check_map_versions
44 12
fn=_dl_find_object_init
56 2
fn=_dl_important_hwcaps
56 4
fn=_dl_init_paths
56 5
fn=_dl_map_object_deps
56 8
fn=_dl_new_object
44 12
56 9
fn=fillin_rpath.isra.0
50 2
51 1
56 2
fn=init_tls
44 2
fl=./elf/../include/scratch_buffer.h
fn=_dl_map_object_deps
77 2
78 1
85 3
131 12
fl=./elf/../misc/sbrk.c
fn=sbrk
37 6
40 1
58 2
62 2
78 5
fl=./elf/../nptl/nptl-stack.h
fn=__libc_early_init
61 8
fl=./elf/../sysdeps/generic/_itoa.h
fn=_dl_check_map_versions
76 18
fl=./elf/../sysdeps/generic/dl-cache.h
fn=_dl_load_cache_lookup
125 2
194 1
195 5
fl=./elf/../sysdeps/generic/dl-call_tls_init_tp.h
fn=init_tls
31 8
33 1
fl=./elf/../sysdeps/generic/dl-debug.h
fn=dl_main
29 4
30 1
fl=./elf/../sysdeps/generic/dl-hash.h
fn=__rtld_malloc_init_real
43 1
44 1
45 19
48 18
62 24
67 1
72 1
fl=./elf/../sysdeps/generic/dl-new-hash.h
fn=_dl_lookup_symbol_x
69 162
70 324
74 1240
77 2480
80 1153
81 2306
87 75
88 75
89 150
90 75
99 1078
101 1078
102 2156
104 1078
105 1078
fl=./elf/../sysdeps/generic/dl-protected.h
fn=do_lookup_x
29 608
fl=./elf/../sysdeps/generic/ldsodefs.h
fn=_dl_relocate_object
79 43
140 495
fn=_dl_start
79 6
fn=do_lookup_x
139 304
140 456
fl=./elf/../sysdeps/nptl/dl-mutex.c
fn=__rtld_mutex_init
30 7
37 1
40 7
44 2
45 9
47 6
51 2
52 7
53 6
fl=./elf/../sysdeps/nptl/dl-tls_init_tp.c
fn=__tls_init_tp
68 5
69 1
72 1
75 4
76 2
77 1
82 2
87 4
90 1
93 3
105 4
121 3
128 2
129 3
fn=__tls_pre_init_tp
53 3
56 10
61 2
62 1
64 1
fn=rtld_mutex_dummy
42 10
44 20
fl=./elf/../sysdeps/nptl/pthread_early_init.h
fn=__libc_early_init
33 6
34 1
38 5
45 2
46 1
48 2
52 5
53 1
54 1
56 1
fl=./elf/../sysdeps/posix/dl-fileid.h
fn=_dl_map_object_from_fd
37 12
40 12
49 24
fl=./elf/../sysdeps/unix/sysv/linux/brk.c
fn=brk
36 1
37 1
38 2
44 1
45 1
fl=./elf/../sysdeps/unix/sysv/linux/brk_call.h
fn=brk
24 2
fl=./elf/../sysdeps/unix/sysv/linux/dl-osinfo.h
fn=dl_main
39 2
52 1
fl=./elf/../sysdeps/unix/sysv/linux/dl-parse_auxv.h
fn=_dl_sysdep_parse_arguments
32 2
33 1
34 1
41 85
42 40
43 40
45 1
46 2
47 2
48 2
49 1
51 2
52 2
53 2
54 2
56 2
fl=./elf/../sysdeps/unix/sysv/linux/dl-sysdep.c
fn=_dl_sysdep_parse_arguments
78 7
79 2
80 2
81 3
82 33
83 69
86 2
90 56
93 5
94 2
95 3
96 6
fn=_dl_sysdep_start
102 6
103 1
106 2
110 2
113 1
115 2
122 3
123 2
125 5
137 3
140 5
143 4
fn=_dl_sysdep_start_cleanup
147 1
148 1
fl=./elf/../sysdeps/unix/sysv/linux/dl-vdso-setup.h
fn=dl_main
30 1
33 1
36 1
39 1
45 1
fl=./elf/../sysdeps/unix/sysv/linux/dl-vdso.h
fn=dl_main
40 2
41 5
55 2
fl=./elf/../sysdeps/unix/sysv/linux/rseq-internal.h
fn=__tls_init_tp
32 3
34 7
37 2
40 1
fl=./elf/../sysdeps/unix/sysv/linux/x86/dl-hwcap2.h
fn=update_active.constprop.0
25 2
fl=./elf/../sysdeps/unix/sysv/linux/x86/dl-minsigstacksize.h
fn=get_common_indices.constprop.0
24 2
27 2
28 2
65 3
72 1
74 1
fl=./elf/../sysdeps/x86/cpu-features.c
fn=get_common_indices.constprop.0
398 3
402 4
405 5
409 1
410 4
411 4
412 4
413 3
414 2
421 2
423 9
428 8
435 2
436 7
442 2
457 3
fn=init_cpu_features.constprop.0
376 3
377 2
378 6
383 2
384 6
389 2
390 7
682 8
685 1
686 1
687 1
690 1
699 3
702 6
703 1
706 2
708 6
713 1
715 3
717 9
721 7
774 3
781 2
799 1
832 2
866 4
869 2
870 1
878 2
885 2
887 2
891 2
897 2
899 1
1001 3
1002 2
1005 2
1006 2
1012 1
1013 1
1014 1
1015 2
1019 4
1022 4
1028 3
1041 2
1042 4
1081 1
1082 2
1086 3
1103 2
1104 2
1106 3
1107 2
1109 3
1110 2
1113 2
1127 4
1129 4
1135 4
1142 8
fn=update_active.constprop.0
72 8
76 1
84 3
85 3
86 1
94 4
95 1
103 4
104 1
109 4
112 4
113 1
116 5
117 2
121 5
122 3
123 3
124 2
128 5
129 5
130 3
132 2
133 4
147 2
151 7
152 4
154 3
158 4
161 1
164 2
166 2
170 1
171 1
178 4
180 5
186 4
188 5
190 4
195 5
244 3
245 3
261 4
277 2
281 2
282 1
285 4
289 2
293 3
294 2
296 1
297 1
300 2
302 1
305 2
356 5
360 3
369 1
370 8
fl=./elf/../sysdeps/x86/dl-cacheinfo.h
fn=get_common_cache_info.constprop.0
571 11
586 1
587 1
588 2
589 1
590 2
596 3
598 7
601 2
613 1
618 3
622 2
627 5
630 24
637 8
640 26
645 2
649 3
650 2
654 2
658 3
661 4
662 1
667 4
673 4
681 6
683 2
685 4
687 12
689 1
690 1
691 9
693 4
696 7
701 1
703 4
704 3
705 1
708 2
711 2
718 1
720 4
721 1
726 2
731 2
732 1
733 2
734 1
759 3
770 5
771 5
775 2
782 1
783 2
784 1
785 7
fn=handle_intel.constprop.0
250 108
255 24
261 12
262 12
267 48
271 24
276 24
279 60
281 24
284 60
286 24
305 96
fn=init_cpu_features.constprop.0
792 1
793 1
795 1
809 2
811 3
812 3
813 3
814 2
817 3
819 3
820 2
822 3
824 3
825 1
827 3
829 3
830 2
832 3
834 3
836 3
838 5
894 2
895 2
896 2
897 2
898 2
899 2
900 1
901 1
902 1
903 1
904 1
905 1
907 1
910 3
924 3
925 7
930 2
931 6
932 2
939 3
959 6
968 2
969 2
974 12
987 5
995 7
997 2
1000 5
1002 2
1005 5
1006 5
1010 6
1011 3
1017 7
1020 11
1021 10
1022 13
1025 10
1027 10
1040 4
1042 2
1043 2
1044 1
1045 1
1046 1
1047 1
fn=intel_check_word.constprop.0
110 648
113 324
119 216
123 48
125 12
129 120
131 144
133 60
135 120
143 120
152 12
155 138
158 99
162 58
164 189
167 120
168 72
169 60
170 48
172 11
174 22
176 12
177 16
178 12
179 20
180 14
181 12
183 8
184 12
187 21
190 2
194 192
202 168
216 48
246 144
fl=./elf/../sysdeps/x86/dl-get-cpu-features.c
fn=__x86_cpu_features
39 3
71 3
fn=_dl_x86_init_cpu_features
37 1
39 3
41 1
fl=./elf/../sysdeps/x86/dl-isa-level.h
fn=_dl_load_cache_lookup
28 12
fl=./elf/../sysdeps/x86/dl-procinfo.h
fn=_dl_load_cache_lookup
39 4
42 14
fl=./elf/../sysdeps/x86/dl-prop.h
fn=_dl_map_object_from_fd
149 12
fn=_dl_process_pt_gnu_property
95 20
102 10
115 10
118 5
252 4
253 2
254 6
255 3
257 20
258 2
260 5
fn=dl_main
36 2
37 18
40 8
49 28
53 23
71 2
149 4
235 4
236 2
fl=./elf/../sysdeps/x86/get-isa-level.h
fn=_dl_hwcaps_subdirs_active
30 4
31 1
32 3
36 3
39 4
40 4
45 4
48 2
51 5
53 4
54 2
55 2
58 4
fn=update_active.constprop.0
28 1
30 4
31 1
32 3
36 3
38 1
39 2
40 4
45 4
47 1
48 2
51 5
53 4
54 2
55 2
57 1
58 4
fl=./elf/../sysdeps/x86_64/dl-cet.c
fn=_dl_cet_check
275 2
276 1
277 2
282 4
283 3
285 2
293 5
361 8
363 6
fn=_dl_cet_setup_features
331 1
334 2
350 1
fl=./elf/../sysdeps/x86_64/dl-hwcaps-subdirs.c
fn=_dl_hwcaps_subdirs_active
29 1
38 3
43 1
48 1
52 1
fl=./elf/../sysdeps/x86_64/dl-machine.h
fn=_dl_relocate_object
81 22
87 4
91 3
97 1
108 3
129 2
132 2
134 4
267 362
274 362
278 362
287 1711
290 373
291 94
292 684
295 10
296 15
307 10
314 25
317 1086
320 18
323 18
346 2
347 3
393 25
400 48
402 64
406 48
415 32
423 331
436 7
476 94
478 47
479 47
498 2232
499 744
503 1488
504 1488
514 114
518 114
521 171
522 57
730 10
734 6
fn=_dl_start
55 1
278 9
287 27
290 6
291 12
317 8
323 2
fn=_dl_sysdep_start
220 1
fl=./elf/./dl-find_object.h
fn=_dl_find_object_from_map
95 10
96 10
97 5
103 25
104 151
105 104
107 15
112 5
fl=./elf/./dl-hwcaps.h
fn=_dl_important_hwcaps
43 9
45 7
46 1
77 8
78 8
79 7
fl=./elf/./dl-load.h
fn=_dl_map_object_from_fd
91 24
92 8
93 10
94 8
96 8
fl=./elf/./dl-main.h
fn=dl_main
109 5
fl=./elf/./dl-map-segments.h
fn=_dl_map_object_from_fd
28 9
29 27
81 3
101 3
102 9
105 9
106 6
108 6
125 3
135 72
137 36
139 90
149 48
155 6
156 3
157 9
158 6
160 6
165 6
168 9
176 21
182 6
186 8
189 2
194 12
fl=./elf/./dl-sym-post.h
fn=lookup_malloc_symbol
41 8
53 12
fl=./elf/./dl-tunable-types.h
fn=__GI___tunable_set_val
84 5
fl=./elf/./elf/dl-audit.c
fn=_dl_audit_activity_map
29 7
30 1
31 3
37 6
fn=_dl_audit_activity_nsid
41 3
45 12
46 3
47 15
fn=_dl_audit_objclose
97 5
98 20
fn=_dl_audit_objopen
77 3
78 12
fn=_dl_audit_preinit
118 1
119 4
fl=./elf/./elf/dl-cache.c
fn=_dl_cache_libcmp
357 32
358 198
360 267
362 93
368 8
369 6
370 81
372 81
374 4
380 174
382 174
383 42
386 73
387 73
390 22
fn=_dl_load_cache_lookup
191 28
205 2
208 16
210 20
211 4
213 10
220 34
222 90
223 28
227 42
231 42
232 28
240 8
242 4
245 4
247 12
249 2
259 4
269 6
270 8
286 14
295 4
298 4
301 2
302 6
330 4
346 12
347 8
349 4
403 20
405 4
408 6
411 5
419 5
420 8
423 6
424 1
431 1
432 2
477 3
482 6
485 6
500 4
512 6
513 30
514 8
515 2
516 16
fn=_dl_unload_cache
525 3
526 4
528 2
529 1
533 1
535 2
fl=./elf/./elf/dl-call-libc-early-init.c
fn=_dl_call_libc_early_init
27 7
29 2
33 5
37 2
39 4
40 2
41 3
fl=./elf/./elf/dl-call_fini.c
fn=_dl_call_fini
24 40
28 10
32 5
34 5
35 10
38 6
39 9
42 28
43 4
47 5
48 10
49 9
50 27
fl=./elf/./elf/dl-catch.c
fn=_dl_catch_error
254 12
256 2
257 2
258 2
259 2
261 6
fn=_dl_catch_exception
58 21
59 14
69 14
70 35
204 56
207 14
214 7
228 7
229 14
235 42
237 21
239 28
248 21
fn=_dl_receive_error
58 2
59 1
69 2
70 2
186 7
188 1
192 1
194 1
197 1
198 4
fl=./elf/./elf/dl-debug.c
fn=_dl_debug_initialize
56 3
57 1
59 2
61 2
63 3
64 1
85 3
90 3
91 2
92 1
95 3
96 6
99 2
107 2
fn=_dl_debug_state
116 2
117 2
fn=_dl_debug_update
38 4
40 8
41 4
44 8
48 4
fl=./elf/./elf/dl-deps.c
fn=_dl_map_object_deps
128 3
129 5
130 6
132 3
136 8
143 13
144 20
160 9
161 1
164 1
182 1
183 6
184 1
188 11
190 17
193 5
197 15
198 32
201 12
205 6
208 18
210 12
215 3
216 3
217 6
218 6
219 3
221 361
222 170
228 59
230 6
232 24
233 12
242 6
244 12
249 21
252 3
253 3
254 3
255 6
256 3
257 3
259 12
263 18
264 9
266 237
417 10
419 15
422 6
423 12
429 3
430 15
431 15
434 3
435 6
439 15
441 5
442 22
448 5
449 1
452 4
463 5
465 4
470 5
471 1
472 2
474 19
478 5
483 10
485 15
490 5
494 2
495 3
532 2
533 2
547 9
552 9
553 5
557 1
559 2
560 1
561 3
568 3
571 2
574 8
fn=openaux
61 36
64 66
65 6
68 6
69 18
fl=./elf/./elf/dl-environ.c
fn=_dl_next_ld_env_entry
28 3
29 3
32 103
34 66
35 18
37 2
40 4
42 2
45 31
fl=./elf/./elf/dl-find_object.c
fn=_dl_find_object_init
561 5
564 1
566 2
567 3
579 2
580 3
582 2
585 2
590 1
591 1
594 3
596 2
599 6
601 1
604 4
fn=_dlfo_process_initial
474 8
475 2
477 2
478 4
504 24
505 26
506 10
508 36
511 32
513 24
515 8
516 8
517 16
529 2
531 8
fn=_dlfo_sort_mappings
536 1
537 2
540 16
544 6
545 33
546 30
548 3
549 3
553 12
554 15
555 6
557 1
fl=./elf/./elf/dl-fini.c
fn=_dl_fini
26 11
43 1
46 13
49 2
51 1
54 2
56 5
61 1
63 4
68 18
73 19
75 10
77 10
79 10
80 5
81 5
85 5
87 6
88 6
94 6
103 2
108 31
110 5
112 10
114 20
117 10
122 5
126 5
132 6
134 1
138 2
145 8
fl=./elf/./elf/dl-hwcaps.c
fn=_dl_important_hwcaps
52 16
54 2
55 4
56 2
57 2
77 16
80 16
84 2
86 6
87 2
88 2
100 5
102 3
105 1
108 1
112 5
125 12
127 10
128 4
129 4
130 2
133 3
142 13
143 11
145 8
151 5
155 4
156 3
157 3
161 1
162 2
163 2
172 14
174 2
175 3
185 2
186 3
189 3
193 2
194 2
201 1
202 5
208 2
209 1
213 3
216 9
fl=./elf/./elf/dl-hwcaps_split.c
fn=_dl_hwcaps_split
25 5
26 3
27 1
47 4
fn=_dl_hwcaps_split_masked
26 44
30 24
34 78
35 12
36 24
41 36
42 18
43 12
45 6
51 110
55 5
56 18
57 27
58 24
60 6
62 88
67 12
fl=./elf/./elf/dl-init.c
fn=_dl_init
29 12
35 30
37 31
81 13
82 1
83 1
86 3
89 2
94 4
119 1
120 24
121 10
127 8
fn=call_init.part.0
26 60
43 15
46 15
47 2
51 8
59 12
60 12
63 4
64 8
70 9
72 6
73 35
74 20
76 40
fl=./elf/./elf/dl-load.c
fn=_dl_dst_count
238 54
241 12
244 12
245 6
264 54
fn=_dl_init_paths
706 13
720 4
725 1
727 3
734 3
735 2
739 4
741 4
747 1
748 1
756 8
758 8
759 4
761 5
762 7
763 4
766 13
767 10
768 18
770 32
776 1
777 1
782 1
785 3
787 4
789 3
806 1
808 3
822 2
825 5
827 23
831 2
832 60
833 14
834 28
836 1
837 1
838 2
844 6
847 3
853 1
857 8
fn=_dl_map_object
682 20
696 10
1967 84
1969 3
1975 14
1976 28
1979 125
1984 140
1986 100
1990 32
1991 48
1994 30
1995 18
1996 30
2010 12
2011 9
2019 9
2034 3
2036 15
2040 8
2042 4
2049 8
2053 2
2054 2
2058 6
2059 2
2073 10
2074 14
2075 2
2084 4
2099 4
2100 32
2106 6
2107 2
2115 2
2129 4
2131 6
2135 6
2137 4
2141 4
2149 4
2172 18
2176 6
2177 2
2194 4
2200 1
2201 4
2202 2
2203 2
2207 9
2210 3
2222 12
2267 6
2268 52
2270 66
fn=_dl_map_object_from_fd
944 42
959 12
989 48
990 18
1008 6
1036 12
1046 6
1053 24
1054 6
1065 6
1066 9
1067 6
1069 9
1070 12
1071 4
1074 17
1075 6
1086 3
1088 3
1090 66
1091 3
1092 3
1093 3
1094 3
1100 129
1101 312
1107 6
1114 8
1115 9
1116 30
1121 2
1122 1
1127 93
1135 60
1136 78
1137 60
1138 12
1139 24
1141 84
1143 24
1156 24
1157 45
1162 12
1163 123
1176 6
1180 8
1181 2
1185 10
1186 4
1189 2
1194 8
1209 6
1210 3
1213 9
1218 21
1228 57
1229 24
1235 6
1245 12
1252 21
1264 3
1268 12
1269 9
1275 8
1276 6
1278 6
1288 9
1307 9
1309 18
1361 9
1362 4
1368 104
1369 173
1375 49
1380 12
1393 6
1395 12
1397 6
1413 6
1417 6
1418 6
1435 6
1436 1
1439 6
1444 6
1449 6
1461 24
1462 9
1463 18
1464 6
1465 5
1471 6
1472 8
1477 4
1484 9
1487 6
1491 9
1492 9
1510 6
1514 21
1515 12
1519 27
fn=_dl_process_pt_gnu_property
868 12
869 8
870 4
876 8
882 20
885 12
886 8
887 8
890 12
891 12
895 4
896 8
900 10
901 5
904 10
907 5
908 20
918 9
920 12
fn=expand_dynamic_string_token
241 6
244 4
385 20
399 4
410 14
fn=fillin_rpath.isra.0
468 17
472 1
474 12
481 2
483 6
487 2
492 3
493 2
500 5
505 2
509 15
510 8
528 4
532 4
534 2
538 1
539 2
540 4
541 1
543 2
549 4
550 14
551 4
553 2
554 3
555 1
561 2
562 1
565 3
571 1
574 8
fn=open_path
1812 22
1813 4
1816 2
1817 2
1819 4
1822 4
1824 44
1827 4
1831 2
1835 12
1842 12
1843 44
1846 12
1851 44
1854 8
1860 12
1863 32
1865 12
1867 6
1872 6
1873 21
1879 9
1881 22
1882 2
1884 3
1891 22
1893 7
1937 16
1941 2
1943 8
1946 6
1960 18
fn=open_verify.constprop.0
1572 84
1604 21
1609 8
1623 35
1625 14
1633 3
1634 9
1639 18
1641 6
1643 6
1645 6
1651 6
1668 42
1749 6
1754 6
1760 12
1766 6
1772 12
1773 12
1777 16
1778 5
1799 63
fl=./elf/./elf/dl-lookup-direct.c
fn=_dl_lookup_direct
32 15
33 9
35 6
36 6
48 9
51 6
53 21
57 9
58 21
59 15
74 39
76 6
78 21
79 6
81 12
84 25
86 12
93 6
115 3
116 27
fl=./elf/./elf/dl-lookup.c
fn=_dl_lookup_symbol_x
772 2106
774 324
775 648
778 162
782 624
785 324
787 324
791 2318
792 2754
797 810
799 60
816 162
817 30
820 324
821 1048
828 192
856 608
870 456
871 2
873 304
890 608
892 1458
fn=check_match
70 2355
73 1256
78 10
86 770
89 848
93 154
94 308
96 304
115 304
116 1216
117 750
118 4
119 4
144 4
146 12
147 8
161 152
162 1256
fn=do_lookup_x
347 2268
348 162
353 162
354 162
358 1332
361 1332
365 1656
386 1332
390 1332
396 1998
400 666
401 666
404 3330
405 1998
408 666
409 1332
411 666
412 486
413 1332
415 1134
416 2664
419 4662
422 314
423 471
424 314
426 310
429 1730
431 471
432 3903
433 314
436 471
439 592
461 1216
470 24
476 304
483 1096
487 90
499 304
500 152
501 152
518 1542
521 10
522 1296
fl=./elf/./elf/dl-minimal-malloc.c
fn=__minimal_calloc
80 50
84 10
87 10
88 30
fn=__minimal_free
97 1
99 4
fn=__minimal_malloc
36 232
37 87
42 3
43 2
44 2
48 115
51 195
56 8
57 8
59 2
60 16
62 4
64 8
65 6
67 6
70 29
71 31
73 174
fl=./elf/./elf/dl-minimal.c
fn=__rtld_malloc_init_real
76 10
86 2
87 1
89 1
91 6
92 5
93 5
94 4
99 1
100 1
101 1
102 1
103 8
fn=__rtld_malloc_init_stubs
42 1
43 2
44 2
45 2
46 2
47 1
fn=lookup_malloc_symbol
61 36
63 4
64 28
68 28
69 28
71 4
72 24
fn=strsep
239 2
242 4
244 2
245 4
247 2
249 47
251 28
254 56
256 84
264 14
267 1
271 4
fl=./elf/./elf/dl-misc.c
fn=_dl_name_match_p
68 322
69 184
70 10
72 46
74 184
75 280
80 46
82 36
83 184
fn=_dl_sysdep_read_whole_file
36 11
39 3
40 2
42 6
44 2
47 2
49 8
60 3
63 8
fl=./elf/./elf/dl-object.c
fn=_dl_add_to_namespace_list
31 36
33 12
35 35
38 36
40 3
42 3
45 2
46 12
47 8
48 8
50 8
51 20
fn=_dl_new_object
59 60
62 8
64 2
66 3
67 2
71 6
77 2
80 6
83 16
87 6
92 3
95 8
98 4
99 4
100 8
103 8
104 28
106 4
119 18
123 3
125 1
127 28
130 8
131 8
132 4
136 4
139 36
141 20
149 8
150 4
153 1
155 24
157 12
160 10
164 12
168 21
176 1
179 8
189 16
191 12
195 9
199 6
200 6
208 3
212 3
245 12
250 114
251 114
255 6
256 3
259 3
263 36
fl=./elf/./elf/dl-reloc.c
fn=_dl_relocate_object
170 912
171 330
174 1749
175 84
177 7
178 28
182 316
183 158
184 158
186 1270
187 760
188 304
190 1175
193 158
194 1106
196 7
207 66
208 12
220 10
221 15
224 20
226 15
228 5
229 15
251 25
252 10
253 2
255 10
262 15
301 10100
304 25
328 5
331 10
348 15
350 48
356 30
359 10
363 10
364 30
fl=./elf/./elf/dl-setup_hash.c
fn=_dl_setup_hash
25 10
28 15
31 15
32 10
33 5
34 5
36 15
37 5
38 15
40 5
41 10
43 5
45 15
50 5
fl=./elf/./elf/dl-sort-maps.c
fn=_dl_sort_maps
140 50
181 2
182 4
183 40
184 20
211 34
216 4
218 2
219 10
221 32
223 10
226 30
244 8
263 8
276 8
283 2
298 26
306 6
310 18
fn=_dl_sort_maps_init
289 4
290 4
291 1
292 3
293 2
fn=dfs_traversal.part.0
135 90
140 34
143 10
145 30
147 96
156 35
171 30
172 10
173 60
fl=./elf/./elf/dl-tunables.c
fn=__GI___tunable_set_val
72 50
82 5
93 40
94 25
97 10
100 35
104 10
111 10
112 10
115 25
116 5
117 5
118 5
153 30
157 15
fn=__GI___tunables_init
42 170
45 33
48 2443
52 66
56 132
128 1
261 10
267 4
281 5412
283 2
287 9801
304 8
fn=__tunable_get_val
387 74
390 438
399 48
400 14
409 29
416 222
418 37
fl=./elf/./elf/dl-tunables.h
fn=__GI___tunable_set_val
141 10
142 10
151 5
fn=__GI___tunables_init
160 672
161 1563
fl=./elf/./elf/dl-version.c
fn=_dl_check_all_versions
392 7
394 1
396 20
397 5
398 45
401 7
fn=_dl_check_map_versions
36 88
37 20
38 136
56 96
64 72
70 72
86 24
87 48
89 24
94 798
108 678
110 24
113 192
120 945
124 315
155 50
156 5
164 8
170 15
172 25
174 5
175 5
177 10
180 9
184 24
198 3
200 18
208 18
213 18
215 18
217 96
218 214
221 48
224 72
228 12
231 96
234 72
239 18
243 18
248 3
257 20
260 6
263 265
266 198
270 61
274 12
279 4
280 16
281 12
291 4
294 22
296 8
299 12
301 3
303 18
306 72
308 96
310 120
311 48
312 72
313 72
316 72
321 18
324 18
329 3
334 8
337 6
341 61
343 128
347 61
348 305
349 183
350 61
353 192
357 61
365 6
366 6
367 6
368 2
370 4
372 124
373 60
375 2
376 7
387 45
fl=./elf/./elf/do-rel.h
fn=_dl_relocate_object
49 30
50 30
51 5
53 50
72 5
73 6
80 30
83 179
85 228
96 6
97 2
114 27
123 2253
124 1488
126 27
129 28
131 925
133 1110
134 888
135 666
136 888
138 666
141 188
142 47
143 47
147 175
150 542
151 54
164 16
165 211
166 189
169 141
171 188
172 47
173 94
180 31
182 42
183 12
185 18
193 6
196 18
211 7
fn=_dl_start
49 6
50 4
51 1
53 10
56 4
61 13
63 9
64 6
65 3
fl=./elf/./elf/get-dynamic-info.h
fn=_dl_map_object_from_fd
39 6
43 3
45 305
49 148
51 40
52 20
53 3
54 71
55 59
56 15
59 12
62 12
64 12
68 74
72 12
84 10
85 12
86 12
87 12
88 10
89 11
90 11
91 12
103 24
110 10
115 4
122 4
123 9
129 9
130 3
147 9
152 2
154 2
156 2
158 2
159 2
162 9
164 6
165 4
174 4
175 6
180 4
181 3
184 6
fl=./elf/./elf/libc_early_init.c
fn=__libc_early_init
33 9
35 1
38 2
41 2
47 4
49 2
fl=./elf/./elf/rtld.c
fn=_dl_start
85 8
458 2
476 3
477 1
478 2
488 1
494 4
496 2
517 16
543 1
546 2
547 4
563 190
565 1
578 1
585 9
fn=dl_main
85 17
92 12
93 2
101 9
197 2
199 1
224 3
225 5
226 4
296 3
302 1
303 1
837 1
839 1
848 1
850 1
855 1
1115 1
1116 1
1118 1
1122 3
1124 1
1125 1
1140 1
1143 50
1144 127
1148 4
1153 3
1154 9
1163 2
1164 2
1166 1
1173 3
1191 2
1199 8
1200 17
1201 8
1202 1
1204 12
1205 14
1209 8
1210 8
1211 4
1215 12
1221 3
1227 4
1228 1
1233 4
1234 2
1235 1
1238 2
1243 2
1247 3
1253 30
1254 66
1260 18
1266 4
1268 3
1269 3
1271 3
1346 13
1351 1
1352 1
1357 1
1373 3
1374 4
1637 10
1639 2
1640 3
1641 2
1642 3
1646 2
1647 2
1672 3
1673 5
1674 3
1675 3
1678 1
1680 1
1681 1
1683 2
1684 2
1688 2
1690 2
1698 4
1705 2
1708 2
1733 4
1735 1
1740 2
1743 4
1744 4
1745 3
1746 1
1747 1
1748 1
1759 2
1760 2
1762 2
1764 1
1765 3
1770 5
1771 5
1773 3
1779 2
1788 2
1792 1
1793 2
1817 2
1823 1
1824 1
1825 1
1829 3
1834 3
1836 1
1838 2
1842 5
1847 2
1863 6
1939 4
1943 19
1944 1
1947 3
1948 1
1949 2
1950 2
1955 3
1965 9
1971 23
1972 14
1975 3
1976 2
1977 1
1979 18
1980 8
1984 2
1990 1
1992 3
1993 2
1995 2
1997 3
1999 3
2000 1
2001 2
2013 2
2014 2
2015 3
2026 5
2027 4
2028 5
2038 2
2039 2
2040 4
2042 2
2047 3
2246 3
2250 3
2256 2
2259 2
2267 2
2279 3
2282 3
2284 3
2285 6
2292 2
2293 24
2295 10
2300 10
2302 12
2304 1
2305 1
2308 5
2310 10
2311 32
2315 16
2316 9
2325 2
2329 4
2331 1
2338 4
2341 2
2345 3
2347 2
2357 1
2362 3
2365 1
2371 1
2372 5
2380 3
2387 1
2390 3
2394 3
2395 1
2396 1
2397 1
2401 1
2406 8
2538 1
2598 1
2600 2
2602 15
2604 2
2606 107
2607 19
2615 13
2640 2
2650 4
2652 2
2653 1
2687 5
2689 2
2690 2
2691 1
2727 5
2749 3
fn=handle_preload_list
183 3
806 1
810 2
811 2
812 1
814 1
816 6
817 3
825 3
869 13
870 3
874 5
877 4
878 3
880 4
881 2
887 1
889 2
891 2
892 1
895 9
fn=init_tls
734 4
736 2
740 3
746 2
749 1
750 1
751 1
755 1
757 1
761 2
762 2
763 14
764 5
765 10
769 9
771 3
773 3
776 2
779 1
786 2
787 2
793 2
797 1
800 5
fn=map_doit
641 6
643 4
644 6
646 3
fn=version_check_doit
674 6
676 6
680 3
fl=./elf/./get-dynamic-info.h
fn=_dl_start
45 75
49 36
51 10
52 5
54 20
55 16
56 5
59 4
62 4
64 4
68 18
72 3
84 4
85 3
86 4
87 4
88 5
89 3
90 4
91 4
103 10
110 3
123 3
129 3
130 3
133 2
134 3
139 5
142 5
fn=dl_main
39 4
43 1
45 115
49 56
51 12
52 6
54 25
55 21
56 5
59 4
62 4
64 4
68 28
72 7
84 3
85 5
86 5
87 5
88 4
89 5
90 5
91 5
103 9
110 3
115 2
122 3
123 4
129 3
147 4
152 2
154 2
156 2
158 2
159 2
162 4
164 3
165 2
174 2
175 3
180 2
181 3
184 3
fl=./elf/./setup-vdso.h
fn=dl_main
24 2
fl=./io/../sysdeps/unix/sysv/linux/access.c
fn=access
25 1
27 7
31 1
fl=./io/../sysdeps/unix/sysv/linux/close_nocancel.c
fn=__GI___close_nocancel
25 4
26 16
27 4
fn=__close_nocancel
25 1
26 4
27 1
fl=./io/../sysdeps/unix/sysv/linux/fstat64.c
fn=fstat
30 5
39 20
72 5
fl=./io/../sysdeps/unix/sysv/linux/fstatat64.c
fn=fstatat
91 6
146 6
160 4
161 11
162 1
fl=./io/../sysdeps/unix/sysv/linux/open64_nocancel.c
fn=__open_nocancel
28 40
31 63
39 75
41 21
fl=./io/../sysdeps/unix/sysv/linux/poll.c
fn=poll
27 1
29 6
43 1
fl=./io/../sysdeps/unix/sysv/linux/pread64_nocancel.c
fn=__pread64_nocancel
25 4
26 8
27 2
fl=./io/../sysdeps/unix/sysv/linux/read_nocancel.c
fn=__read_nocancel
25 7
26 28
27 7
fl=./io/../sysdeps/unix/sysv/linux/stat64.c
fn=stat
28 6
29 12
fl=./io/../sysdeps/unix/sysv/linux/write.c
fn=write
25 23
26 138
27 23
fl=./libio/../string/bits/string_fortified.h
fn=getdelim
29 180
fl=./libio/./libio/filedoalloc.c
fn=_IO_file_doallocate
78 11
84 9
86 4
97 4
101 3
102 2
104 4
105 1
106 9
fl=./libio/./libio/fileops.c
fn=_IO_file_close
1165 1
1168 2
fn=_IO_file_close_it@@GLIBC_2.2.5
128 7
130 3
133 2
134 3
137 1
139 2
142 7
145 3
153 5
154 4
157 2
158 1
159 1
160 1
162 2
163 7
fn=_IO_file_finish@@GLIBC_2.2.5
168 6
169 2
175 3
176 3
fn=_IO_file_fopen@@GLIBC_2.2.5
213 12
214 1
222 2
224 6
227 1
228 2
247 42
268 1
269 1
271 1
272 4
281 5
284 2
287 4
288 2
357 12
fn=_IO_file_open
182 12
184 2
185 4
189 2
191 1
192 6
195 3
205 2
206 1
207 6
fn=_IO_file_read
1131 4
1132 4
1133 8
1134 8
fn=_IO_file_stat
1147 1
1148 2
fn=_IO_file_underflow@@GLIBC_2.2.5
462 40
466 12
469 8
475 12
478 8
481 3
486 2
490 10
506 8
512 24
517 20
519 8
526 4
535 12
537 8
538 32
fn=_IO_new_file_init_internal
106 6
110 1
111 1
113 1
114 1
115 3
fl=./libio/./libio/genops.c
fn=_IO_cleanup
776 6
777 10
780 13
784 3
785 36
792 7
794 6
814 3
816 29
817 3
821 7
822 2
842 12
843 2
855 12
fn=_IO_default_finish
54 2
601 6
603 3
609 3
612 3
624 3
fn=_IO_doallocbuf
343 8
344 2
346 3
347 5
350 6
fn=_IO_flush_all
686 12
687 3
691 6
692 9
695 12
697 3
698 36
700 21
708 33
709 3
713 7
714 2
718 12
fn=_IO_link_in
87 14
88 10
90 2
92 7
93 9
94 1
95 9
97 2
98 1
100 5
101 1
102 6
103 2
106 19
fn=_IO_no_init
563 473
564 43
565 43
566 86
568 1
572 6
579 1
581 1
586 84
587 43
588 258
fn=_IO_old_init
531 43
532 86
534 258
539 301
544 43
550 86
555 129
556 2
558 43
fn=_IO_setb
329 484
330 178
331 1
332 44
333 44
335 266
338 264
fn=_IO_sputbackc
635 1176
638 504
639 336
641 336
642 168
647 168
648 168
651 840
fn=_IO_switch_to_get_mode
164 24
165 12
168 12
172 8
173 8
176 4
178 8
180 8
181 4
182 16
fn=_IO_un_link
53 2
54 4
82 2
fn=_IO_unsave_markers
937 6
939 2
944 3
946 3
fn=__GI__IO_un_link.part.0
52 10
58 6
59 10
60 1
61 4
63 4
65 3
66 3
74 2
76 2
77 1
78 8
79 2
82 9
fn=__underflow
173 4
269 24
270 19
275 12
278 12
280 8
286 8
291 12
293 16
294 12
fl=./libio/./libio/iofclose.c
fn=fclose@@GLIBC_2.2.5
34 8
48 3
49 1
51 3
52 2
53 3
57 4
58 3
71 2
76 7
fl=./libio/./libio/iofopen.c
fn=fopen@@GLIBC_2.2.5
37 2
65 2
67 3
70 2
72 7
73 2
74 2
75 7
85 9
87 7
fl=./libio/./libio/iogetdelim.c
fn=getdelim
41 630
47 126
48 84
54 168
62 249
64 2
65 4
66 2
74 126
75 84
77 4
82 4
89 225
91 180
92 180
100 90
101 180
105 5
107 92
108 3
114 2
115 2
117 46
118 45
119 3
120 147
122 9
124 126
130 378
fl=./libio/./libio/libioP.h
fn=_IO_cleanup
1025 1
fn=_IO_doallocbuf
1025 3
1026 2
fn=_IO_file_close_it@@GLIBC_2.2.5
1025 3
1026 2
fn=_IO_file_doallocate
1025 3
1026 2
fn=_IO_file_underflow@@GLIBC_2.2.5
1025 16
1026 8
fn=_IO_flush_all
1025 2
fn=__underflow
1025 12
1026 8
fn=fclose@@GLIBC_2.2.5
951 4
952 4
958 2
979 4
980 9
1025 3
1026 2
fn=getdelim
979 168
fl=./libio/./libio/strops.c
fn=_IO_str_init_static_internal
36 420
40 84
41 126
46 210
48 42
49 42
50 42
51 294
53 42
54 42
55 42
64 42
65 252
fl=./libio/./libio/vtables.c
fn=check_stdfiles_vtables
545 1
546 4
547 3
548 3
550 1
fl=./malloc/../string/bits/string_fortified.h
fn=_int_realloc
29 28
fn=calloc
59 3
fn=tcache_init.part.0
59 88
fl=./malloc/../sysdeps/unix/sysv/linux/not-cancel.h
fn=ptmalloc_init.part.0
97 6
fl=./malloc/./malloc/arena.c
fn=calloc
153 2
fn=free
153 4746
fn=malloc
153 14286
264 1
fn=ptmalloc_init.part.0
262 8
267 1
292 2
296 3
300 4
301 4
302 4
303 4
304 4
305 4
306 4
308 4
309 4
310 4
313 4
314 4
316 2
326 8
fn=realloc
153 224
fl=./malloc/./malloc/malloc.c
fn=_int_free
1792 15
3163 3186
3165 6372
3166 1593
3167 3186
4495 11256
4499 4824
4505 6432
4506 3216
4510 8040
4517 3216
4518 9648
4521 1596
4527 4788
4547 7980
4550 1593
4561 30
4637 30
4640 30
4643 30
4646 30
4658 9633
fn=_int_free_maybe_consolidate
4770 165
4776 30
4798 165
fn=_int_free_merge_chunk
1992 45
4665 120
4666 15
4670 90
4673 60
4675 45
4678 45
4681 30
4682 30
4683 30
4689 30
4701 45
4702 105
4714 30
4720 24
4724 12
4732 12
4733 48
4734 24
4736 12
4738 24
4740 36
4743 12
4744 12
4746 36
4747 12
4756 3
4757 9
4758 6
fn=_int_malloc
1326 14318
1345 42954
1794 6508
1985 18
2008 36
2017 2
2552 48
2553 8
2564 16
2589 32
2590 16
2599 88
2605 21
2608 24
2669 24
2677 16
2678 24
2691 24
2693 8
2699 40
2707 16
2709 32
2710 24
2711 8
2712 8
2715 16
2744 52
2745 1
2746 16
2752 64
2753 42
2755 4
2782 2
2783 1
2795 3
2814 2
2817 2
2818 6
2820 1
2821 6
2833 5
2873 1
2875 1
2876 5
2877 1
2888 3
2921 24
2922 8
2926 8
2930 40
2932 8
2933 8
2934 8
2935 56
2936 16
2938 8
3846 78749
3882 1
3887 14318
3914 16271
3916 72
3919 1320
3921 1338
3930 2007
3977 12980
3979 38958
3980 14312
3982 21468
4039 15
4040 9
4058 21475
4059 21477
4060 21477
4069 22
4070 42300
4072 11
4073 22
4074 11
4076 22
4077 33
4079 11
4080 44
4082 44
4084 22
4085 22
4087 22
4098 44
4099 22
4100 10
4101 5
4104 5
4105 5
4106 5
4107 15
4108 15
4109 10
4111 8
4115 40
4117 15
4118 5
4121 5
4122 15
4123 5
4127 6
4128 6
4132 12
4161 18
4169 54
4170 18
4171 6
4174 12
4218 24
4221 42
4222 6
4223 6
4224 6
4225 6
4230 12
4231 12
4240 24
4246 12
4257 21462
4259 12
4262 9
4263 7154
4330 7154
4331 14308
4332 14308
4333 14308
4334 42924
4339 28642
4343 78654
4346 85792
4348 32
4349 16
4353 248
4355 112
4357 224
4361 12
4364 24
4366 30
4367 6
4368 6
4373 24
4376 12
4378 18
4381 18
4384 24
4394 6
4399 24
4400 12
4403 6
4404 6
4405 6
4408 12
4409 6
4410 12
4412 10
4415 48
4417 18
4418 6
4421 6
4443 7148
4444 14296
4446 14296
4449 21444
4451 7140
4452 14280
4453 7140
4454 57120
4456 14280
4459 14280
4460 21444
4461 7148
4466 32
4482 8
4487 85908
fn=_int_realloc
4914 256
4925 128
4926 160
4927 128
4933 64
4935 64
4936 96
4938 128
4941 64
4951 76
4952 6
4953 6
4955 102
4956 12
4957 18
4959 12
4963 52
4964 52
4965 50
4969 36
4975 70
4976 28
4979 14
4980 14
4985 42
4992 14
4993 98
4997 56
4999 14
5008 24
5010 24
5012 36
5013 24
5017 12
5020 24
5021 36
5024 12
5025 48
5029 12
5030 288
fn=alloc_perturb
1985 21459
1987 7153
fn=calloc
3699 9
3709 9
3717 2
3720 3
3722 2
3732 1
3733 3
3754 3
3756 10
3759 3
3784 1
3796 3
3799 5
3807 1
3809 2
3811 2
3837 7
fn=free
3359 11074
3363 3164
3371 3164
3373 1582
3375 4746
3392 4746
3398 4746
3401 1582
3402 9492
fn=malloc
1326 17428
1345 42856
3178 3142
3182 3142
3186 6284
3190 3142
3191 1571
3248 4
3294 69712
3301 17428
3311 16000
3313 34856
3316 17428
3317 4
3318 26136
3326 14286
3328 28572
3329 35715
3354 52284
fn=ptmalloc_init.part.0
1946 385
1949 381
1957 1
1958 1
1960 1
3143 2
fn=realloc
1326 64
1345 192
3407 374
3413 68
3417 68
3424 68
3425 4
3433 32
3441 64
3443 32
3444 64
3456 96
3464 128
3465 64
3475 64
3506 64
3508 224
3509 224
3538 302
5238 96
5239 96
5240 64
5241 32
fn=tcache_init.part.0
3242 4
3251 8
3252 3
3253 2
3261 4
3270 2
3274 3
fn=unlink_chunk.isra.0
1608 36
1610 90
1613 36
1614 36
1616 72
1619 18
1620 18
1621 87
1623 12
1624 18
1627 12
1641 6
1642 6
1645 36
fl=./malloc/./malloc/morecore.c
fn=__glibc_morecore
25 27
26 18
29 9
30 18
34 18
fl=./malloc/./malloc/scratch_buffer_set_array_size.c
fn=__libc_scratch_buffer_set_array_size
30 39
34 3
35 6
45 6
46 3
63 18
fl=./misc/../sysdeps/unix/syscall-template.S
fn=mprotect
117 30
122 6
fn=munmap
117 10
122 2
fl=./misc/../sysdeps/unix/sysv/linux/brk.c
fn=brk
36 9
37 18
38 18
44 9
45 9
fl=./misc/../sysdeps/unix/sysv/linux/brk_call.h
fn=brk
24 18
fl=./misc/../sysdeps/unix/sysv/linux/getpagesize.c
fn=getpagesize
27 2
28 8
30 2
fl=./misc/../sysdeps/unix/sysv/linux/mmap64.c
fn=mmap
47 119
50 34
53 75
58 102
60 68
fl=./misc/../sysdeps/unix/sysv/linux/setvmaname.c
fn=__set_vma_name
33 11
35 7
40 7
47 1
49 6
fl=./misc/./misc/getauxval.c
fn=getauxval
30 4
32 2
35 4
42 168
43 80
56 2
62 4
63 2
64 2
fl=./misc/./misc/init-misc.c
fn=__init_misc
30 5
31 6
33 3
37 5
38 3
40 4
fl=./misc/./misc/sbrk.c
fn=sbrk
37 72
40 18
43 18
58 18
59 4
62 18
63 2
66 32
74 24
78 63
fl=./nptl/../string/bits/string_fortified.h
fn=pthread_attr_init@@GLIBC_2.2.5
59 5
fn=pthread_attr_setaffinity_np@@GLIBC_2.32
29 4
fn=pthread_getaffinity_np@@GLIBC_2.32
59 2
fn=pthread_getattr_np@@GLIBC_2.32
29 2
fl=./nptl/../sysdeps/unix/sysv/linux/x86/elision-conf.c
fn=__lll_elision_init
92 8
96 5
98 4
100 4
102 4
104 4
107 3
108 1
109 6
fl=./nptl/./nptl/libc-cleanup.c
fn=__libc_cleanup_pop_restore
54 46
55 46
57 92
59 46
60 138
71 46
fn=__libc_cleanup_push_defer
24 46
25 46
27 92
29 92
32 92
46 138
48 46
49 46
fl=./nptl/./nptl/pthread_attr_destroy.c
fn=pthread_attr_destroy
26 6
36 3
38 2
39 2
44 4
fl=./nptl/./nptl/pthread_attr_extension.c
fn=__pthread_attr_extension
25 6
26 2
27 1
28 4
29 2
32 3
fl=./nptl/./nptl/pthread_attr_getstack.c
fn=pthread_attr_getstack@@GLIBC_2.34
24 2
31 4
35 1
38 2
fl=./nptl/./nptl/pthread_attr_init.c
fn=pthread_attr_init@@GLIBC_2.2.5
32 6
46 3
49 4
fl=./nptl/./nptl/pthread_attr_setaffinity.c
fn=pthread_attr_setaffinity_np@@GLIBC_2.32
29 8
34 5
45 1
46 2
49 3
51 4
52 2
55 2
56 1
62 1
63 7
fl=./nptl/./nptl/pthread_getaffinity.c
fn=pthread_getaffinity_np@@GLIBC_2.32
30 5
33 6
35 2
39 4
41 1
42 2
fl=./nptl/./nptl/pthread_getattr_np.c
fn=pthread_getattr_np@@GLIBC_2.32
33 14
37 3
38 2
43 7
49 4
52 1
55 2
59 2
62 3
85 5
86 3
91 7
102 2
103 11
105 1
108 4
112 7
114 1
115 1
117 3
120 92
122 252
127 336
129 168
130 126
133 1
135 4
140 2
141 1
144 2
145 1
158 41
162 7
165 6
169 1
171 2
178 1
180 5
181 2
188 4
191 4
193 7
194 7
198 2
201 6
203 2
207 12
fl=./nptl/./nptl/pthread_key_create.c
fn=pthread_key_create@@GLIBC_2.34
25 2
27 10
29 3
31 12
33 6
37 6
40 2
43 4
fl=./nptl/./nptl/pthread_key_delete.c
fn=pthread_key_delete@@GLIBC_2.34
25 1
28 2
30 5
32 2
33 4
36 1
40 1
fl=./nptl/./nptl/pthread_mutex_conf.c
fn=__pthread_tunables_init
55 8
56 5
58 4
60 4
62 6
fl=./nptl/./nptl/pthread_mutex_lock.c
fn=pthread_mutex_lock@@GLIBC_2.2.5
44 1
45 7
46 1
77 5
80 3
82 1
84 2
88 2
97 2
108 4
112 1
115 2
124 1
130 3
131 2
179 1
182 1
184 1
187 1
190 3
fl=./nptl/./nptl/pthread_mutex_unlock.c
fn=pthread_mutex_unlock@@GLIBC_2.2.5
39 1
40 4
41 1
51 3
52 2
57 2
62 1
65 1
70 1
72 1
74 2
80 4
84 3
87 2
367 4
369 2
fl=./nptl/./nptl/pthread_self.c
fn=pthread_self
23 2
25 4
fl=./nptl/./nptl/pthread_setspecific.c
fn=pthread_setspecific@@GLIBC_2.34
25 8
32 1
36 2
39 8
41 1
43 3
46 2
66 1
81 1
86 2
87 1
90 7
fl=./posix/../malloc/dynarray-skeleton.c
fn=__unregister_atfork
243 3
fl=./posix/../sysdeps/posix/sysconf.c
fn=sysconf
60 14
221 3
fl=./posix/../sysdeps/unix/sysv/linux/_exit.c
fn=_Exit
27 2
30 4
fl=./posix/../sysdeps/unix/sysv/linux/x86/../sysconf.c
fn=sysconf
49 10
fl=./posix/../sysdeps/unix/sysv/linux/x86/sysconf.c
fn=sysconf
32 12
33 3
37 10
fl=./posix/./posix/register-atfork.c
fn=__unregister_atfork
71 6
82 18
83 12
109 12
110 9
fl=./resource/../sysdeps/unix/sysv/linux/getrlimit64.c
fn=getrlimit
38 4
39 14
40 2
fl=./setjmp/../sysdeps/x86_64/bsd-_setjmp.S
fn=_setjmp
28 1
30 1
32 1
fl=./setjmp/../sysdeps/x86_64/setjmp.S
fn=__sigsetjmp
31 8
33 8
42 8
43 16
44 8
48 8
49 8
50 8
51 8
52 8
54 16
56 8
57 8
58 8
60 16
62 8
67 1
68 1
70 7
73 7
74 7
81 7
82 7
85 1
fl=./setjmp/./setjmp/sigjmp.c
fn=__sigjmp_save
28 6
29 1
30 2
34 4
fl=./signal/../string/bits/string_fortified.h
fn=__libc_sigaction
29 96
fl=./signal/../sysdeps/posix/signal.c
fn=signal
30 7
34 5
35 2
41 1
44 4
45 6
48 1
49 5
fl=./signal/../sysdeps/unix/syscall-template.S
fn=sigaltstack
120 15
122 3
fl=./signal/../sysdeps/unix/sysv/linux/internal-signals.h
fn=sigaction
53 5
fn=signal
53 1
fl=./signal/../sysdeps/unix/sysv/linux/libc_sigaction.c
fn=__libc_sigaction
43 40
48 10
50 6
53 15
58 51
63 20
65 6
67 6
68 6
71 30
fl=./signal/../sysdeps/unix/sysv/linux/sigsetops.h
fn=signal
96 1
102 2
104 1
fl=./signal/./signal/sigaction.c
fn=sigaction
26 5
27 25
33 5
fl=./stdio-common/../include/scratch_buffer.h
fn=__vfscanf_internal
77 126
78 42
85 168
113 588
fl=./stdio-common/../libio/strfile.h
fn=__isoc23_sscanf
87 42
88 294
89 84
90 210
fl=./stdio-common/../string/bits/string_fortified.h
fn=__vfscanf_internal
59 42
fl=./stdio-common/./stdio-common/getline.c
fn=getline
27 84
28 84
fl=./stdio-common/./stdio-common/isoc23_sscanf.c
fn=__isoc23_sscanf
24 756
30 252
31 210
36 378
fl=./stdio-common/./stdio-common/printf-parse.h
fn=__vfscanf_internal
55 504
fl=./stdio-common/./stdio-common/vfscanf-internal.c
fn=__vfscanf_internal
206 252
214 168
222 336
223 168
231 84
260 2944
263 2376
278 546
282 42
283 126
284 42
288 210
289 84
293 42
313 42
325 42
326 42
327 42
328 42
332 42
339 210
345 210
348 168
352 84
359 84
365 42
367 168
372 420
381 672
419 252
443 336
444 252
447 210
454 378
462 126
470 84
483 84
489 420
506 420
530 84
533 924
546 252
554 84
660 168
664 168
665 504
669 168
670 840
676 756
679 504
680 672
681 672
685 1260
1450 588
1455 252
1464 588
1466 224
1470 392
1472 448
1484 112
1494 112
1498 56
1501 252
1742 336
1813 2144
1815 1472
1817 3764
1822 252
1877 652
1879 2608
1881 5868
1884 168
1891 168
1892 168
1920 840
1924 168
1941 252
1942 168
1945 336
1948 252
1951 420
1953 168
1957 84
1970 168
1971 1008
1980 168
3079 168
3084 84
3095 252
3098 84
3105 168
3109 84
3126 84
3132 504
fl=./stdlib/../stdlib/strtol.c
fn=__strtoul_internal
107 84
108 336
fl=./stdlib/../stdlib/strtol_l.c
fn=____strtoul_l_internal
238 1092
252 84
257 84
258 28
264 168
292 84
295 336
304 504
306 168
310 84
311 168
316 168
320 168
322 392
327 112
332 280
335 56
342 56
387 56
390 224
391 364
393 84
394 84
395 140
449 1416
451 2972
453 2124
460 122
477 206
478 206
481 2124
484 2832
489 876
490 2124
495 168
500 252
501 84
513 168
524 420
546 756
fl=./stdlib/./stdlib/cxa_atexit.c
fn=__cxa_atexit
41 2
43 8
44 2
46 2
52 3
53 1
54 1
55 1
56 1
57 4
58 1
67 7
69 6
fn=__new_exitfn
80 5
81 1
86 2
91 10
93 4
101 1
122 1
123 1
134 1
136 1
137 1
141 5
fl=./stdlib/./stdlib/cxa_finalize.c
fn=__cxa_finalize
30 30
33 21
36 21
40 21
93 21
97 18
105 6
106 12
107 24
fl=./stdlib/./stdlib/cxa_thread_atexit_impl.c
fn=__call_tls_dtors
148 5
149 4
165 4
fl=./stdlib/./stdlib/exit.c
fn=__run_exit_handlers
38 12
40 2
41 2
43 5
54 2
56 2
60 1
64 6
66 2
67 1
69 7
94 2
101 1
102 1
103 1
104 3
107 4
108 3
109 4
113 3
119 3
120 2
126 4
128 2
129 2
131 2
fn=exit
137 3
138 4
fl=./string/../include/rtld-malloc.h
fn=strdup
56 8
fl=./string/../string/strcspn.c
fn=strcspn
32 6
33 3
34 2
39 6
40 4
41 4
42 4
44 1
47 9
48 6
51 4
52 4
53 4
54 4
56 3
61 13
62 26
63 26
64 26
65 13
67 78
69 1
70 4
71 3
fl=./string/../string/strstr.c
fn=__GI_strstr
77 12
82 3
84 5
85 2
86 2
161 12
fl=./string/../sysdeps/x86/cacheinfo.c
fn=__x86_cacheinfo
86 1
fl=./string/../sysdeps/x86/cacheinfo.h
fn=__x86_cacheinfo
59 1
62 3
64 3
65 1
71 3
73 3
74 1
78 2
80 2
81 2
82 2
84 2
86 2
fl=./string/../sysdeps/x86_64/multiarch/../multiarch/memcmp-sse2.S
fn=bcmp
59 1
71 1
72 1
94 1
95 1
140 1
141 1
143 1
144 1
146 1
147 1
149 1
150 1
197 1
198 1
199 1
200 1
201 1
202 1
fl=./string/../sysdeps/x86_64/multiarch/../multiarch/memset-vec-unaligned-erms.S
fn=memset
132 10
133 50
138 10
139 10
142 4
143 4
181 1
182 1
184 1
244 4
245 4
257 4
260 4
261 4
273 3
274 3
287 3
288 3
290 3
293 2
296 4
299 41
300 41
301 41
302 41
303 41
304 41
305 41
308 3
309 3
310 3
311 3
316 3
350 6
352 6
353 6
392 6
393 6
395 6
fl=./string/../sysdeps/x86_64/multiarch/../multiarch/strchr-sse2.S
fn=index
32 20
33 20
34 20
35 20
36 20
37 20
38 20
39 20
40 20
41 20
42 20
43 20
44 20
45 20
46 20
47 20
48 20
49 20
50 16
54 16
55 16
56 16
57 16
59 16
63 4
64 4
65 4
66 4
67 4
68 4
69 4
70 4
71 4
72 4
73 4
74 4
75 4
76 4
77 4
78 4
79 4
80 4
81 4
82 4
83 4
84 4
85 4
86 4
138 4
142 4
143 4
144 4
145 4
147 4
fl=./string/../sysdeps/x86_64/multiarch/../multiarch/strcmp-sse2.S
fn=strcmp
98 383
131 383
132 383
134 383
135 383
156 383
157 383
158 330
159 330
160 279
161 279
162 279
163 279
180 279
181 279
182 279
183 279
184 279
185 279
186 279
191 24
192 72
201 128
202 128
203 128
204 128
205 128
206 128
207 128
208 128
209 116
210 64
211 64
212 64
214 116
215 116
216 116
217 116
218 116
219 116
229 12
230 12
231 12
233 12
239 12
240 12
241 12
242 12
243 12
248 12
250 3
251 3
252 6
260 3
261 3
264 3
265 3
266 3
267 3
268 3
269 3
300 6
301 6
302 6
303 6
304 6
306 6
307 6
308 6
309 6
310 6
311 6
312 6
313 6
316 6
317 6
318 6
324 6
325 6
326 12
330 6
331 6
334 6
335 6
336 6
338 6
339 6
340 6
344 6
345 6
346 6
347 6
348 6
349 6
424 2
425 2
426 2
427 2
428 2
430 2
431 2
432 2
433 2
434 2
435 2
436 2
437 2
440 2
441 2
442 2
448 2
449 2
450 4
454 2
455 2
458 2
459 2
460 2
462 2
463 2
464 2
468 2
469 2
470 2
471 2
472 2
473 2
661 5
662 5
663 5
664 5
665 5
667 5
668 5
669 5
670 5
671 5
672 5
673 5
674 4
678 4
679 4
680 4
686 4
687 4
688 8
692 4
693 4
696 4
697 4
698 4
700 4
701 4
702 4
706 4
707 4
708 4
709 4
710 4
711 4
780 3
781 3
782 3
783 3
784 3
786 3
787 3
788 3
789 3
790 3
791 3
792 3
793 2
797 2
798 2
799 2
805 2
806 2
807 4
811 2
812 2
815 2
816 2
817 2
819 2
820 2
821 2
825 2
826 2
827 2
828 2
829 2
830 2
899 4
900 4
901 4
902 4
903 4
905 4
906 4
907 4
908 4
909 4
910 4
911 4
912 3
916 3
917 3
918 3
924 3
925 3
926 6
930 3
931 3
934 3
935 3
936 3
938 3
939 3
940 3
944 3
945 3
946 3
947 3
948 3
949 3
956 1
957 1
959 1
960 1
962 1
963 1
964 1
966 1
967 1
968 1
972 1
973 1
974 1
975 1
976 1
977 1
1018 4
1019 4
1020 4
1021 4
1022 4
1024 4
1025 4
1026 4
1027 4
1028 4
1029 4
1030 4
1031 4
1035 4
1036 4
1037 4
1043 4
1044 4
1045 8
1049 4
1050 4
1053 4
1054 4
1055 4
1057 4
1058 4
1059 4
1063 4
1064 4
1065 4
1066 4
1067 4
1068 4
1075 1
1076 1
1078 1
1079 1
1081 1
1082 1
1083 1
1085 1
1086 1
1087 1
1091 1
1092 1
1093 1
1094 1
1095 1
1096 1
1137 10
1138 10
1139 10
1140 10
1141 10
1143 10
1144 10
1145 10
1146 10
1147 10
1148 10
1149 10
1150 3
1154 3
1155 3
1156 3
1162 3
1163 3
1164 6
1168 3
1169 3
1172 3
1173 3
1174 3
1176 3
1177 3
1178 3
1182 3
1183 3
1184 3
1185 3
1186 3
1187 3
1256 11
1257 11
1258 11
1259 11
1260 11
1262 11
1263 11
1264 11
1265 11
1266 11
1267 11
1268 11
1269 5
1273 5
1274 5
1275 5
1281 5
1282 5
1283 10
1287 5
1288 5
1291 5
1292 5
1293 5
1295 5
1296 5
1297 5
1301 5
1302 5
1303 5
1304 5
1305 5
1306 5
1375 6
1376 6
1377 6
1378 6
1379 6
1381 6
1382 6
1383 6
1384 6
1385 6
1386 6
1387 6
1388 2
1392 2
1393 2
1394 2
1400 2
1401 2
1402 4
1406 2
1407 2
1410 2
1411 2
1412 2
1414 2
1415 2
1416 2
1420 2
1421 2
1422 2
1423 2
1424 2
1425 2
1494 16
1495 16
1496 16
1497 16
1498 16
1500 16
1501 16
1502 16
1503 16
1504 16
1505 16
1506 16
1507 7
1511 7
1512 7
1513 7
1519 7
1520 7
1521 14
1525 7
1526 7
1529 7
1530 7
1531 7
1533 7
1534 7
1535 7
1539 7
1540 7
1541 7
1542 7
1543 7
1544 7
1551 1
1552 1
1554 1
1555 1
1557 1
1558 1
1559 1
1561 1
1562 1
1563 1
1567 1
1568 1
1569 1
1570 1
1571 1
1572 1
1613 4
1614 4
1615 4
1616 4
1617 4
1619 4
1620 4
1621 4
1622 4
1623 4
1624 4
1625 4
1626 1
1630 1
1631 1
1632 1
1638 1
1639 1
1640 2
1644 1
1645 1
1648 1
1649 1
1650 1
1652 1
1653 1
1654 1
1658 1
1659 1
1660 1
1661 1
1662 1
1663 1
1670 1
1671 1
1673 1
1674 1
1676 1
1677 1
1678 1
1680 1
1681 1
1682 1
1686 1
1687 1
1688 1
1689 1
1690 1
1691 1
1732 20
1733 20
1734 20
1735 20
1736 20
1738 20
1739 20
1740 20
1741 20
1742 20
1743 20
1744 20
1745 12
1749 12
1750 12
1751 12
1757 12
1758 12
1759 24
1763 12
1764 12
1767 12
1768 12
1769 12
1771 12
1772 12
1773 12
1777 12
1778 12
1779 12
1780 12
1781 12
1782 12
1789 1
1790 1
1792 1
1793 1
1795 1
1796 1
1797 1
1799 1
1800 1
1801 1
1805 1
1806 1
1807 1
1808 1
1809 1
1810 1
1851 11
1852 11
1853 11
1854 11
1855 11
1857 11
1858 11
1859 11
1860 11
1861 11
1862 11
1863 11
1864 9
1868 9
1869 9
1870 9
1876 9
1877 9
1878 18
1882 9
1883 9
1886 9
1887 9
1888 9
1890 9
1891 9
1892 9
1896 9
1897 9
1898 9
1899 9
1900 9
1901 9
1970 14
1971 14
1972 14
1973 14
1974 14
1976 14
1977 14
1978 14
1979 14
1980 14
1981 14
1982 14
1984 4
1988 4
1989 4
1990 4
1996 4
1997 4
1999 8
2003 4
2004 4
2007 4
2008 4
2009 4
2011 4
2012 4
2013 4
2017 4
2018 4
2019 4
2020 4
2021 4
2022 4
2093 67
2095 128
2096 128
2097 128
2098 128
2099 128
2104 383
2110 383
2111 383
2119 383
2120 383
fn=strncmp
98 1
125 1
126 1
127 1
128 1
129 1
131 1
132 1
134 1
135 1
156 1
157 1
158 1
159 1
160 1
161 1
162 1
163 1
180 1
181 1
182 1
183 1
184 1
185 1
186 1
2104 1
2107 1
2108 1
2110 1
2111 1
2119 1
2120 1
fl=./string/../sysdeps/x86_64/multiarch/../multiarch/strlen-sse2.S
fn=strlen
57 20
101 20
102 20
103 20
104 20
105 20
106 20
107 20
109 20
111 20
142 20
143 20
144 20
145 20
146 20
147 11
149 11
153 9
154 9
155 9
156 9
157 9
158 9
159 9
160 9
161 9
162 9
163 9
164 9
169 72
fl=./string/../sysdeps/x86_64/multiarch/ifunc-avx2.h
fn=memrchr
38 4
40 3
41 2
42 3
45 2
46 2
49 3
52 6
fn=rindex
38 4
40 3
41 2
42 3
45 2
46 2
49 3
52 6
fn=strchrnul
38 4
40 3
41 2
42 3
45 2
46 2
49 3
52 6
fn=strlen
38 8
40 6
41 4
42 6
45 4
46 4
49 6
52 12
fn=strnlen
38 8
40 6
41 4
42 6
45 4
46 4
49 6
52 12
fl=./string/../sysdeps/x86_64/multiarch/ifunc-evex.h
fn=memchr
37 4
38 3
39 3
42 2
43 2
45 2
51 3
54 4
fl=./string/../sysdeps/x86_64/multiarch/ifunc-memcmp.h
fn=bcmp
34 10
35 4
36 4
37 6
40 4
41 4
44 6
47 8
fl=./string/../sysdeps/x86_64/multiarch/ifunc-memmove.h
fn=memcpy@@GLIBC_2.14
56 4
57 6
60 6
61 4
74 4
77 4
85 4
93 4
96 10
fn=memmove
56 4
57 6
60 6
61 4
74 4
77 4
85 4
93 4
96 10
fn=mempcpy
56 2
57 3
60 3
61 2
74 2
77 2
85 2
93 2
96 5
fl=./string/../sysdeps/x86_64/multiarch/ifunc-memset.h
fn=memset
54 10
57 6
58 4
64 4
73 4
75 4
85 4
93 4
96 10
fl=./string/../sysdeps/x86_64/multiarch/ifunc-sse4_2.h
fn=strcspn
36 5
fn=strpbrk
36 5
fn=strspn
36 5
fl=./string/../sysdeps/x86_64/multiarch/ifunc-strcasecmp.h
fn=strcasecmp
36 4
37 2
38 3
41 2
42 2
45 3
48 5
fn=strcasecmp_l
36 4
37 2
38 3
41 2
42 2
45 3
48 5
fn=strncasecmp
36 4
37 2
38 3
41 2
42 2
45 3
48 5
fn=strncasecmp_l
36 4
37 2
38 3
41 2
42 2
45 3
48 5
fl=./string/../sysdeps/x86_64/multiarch/ifunc-strcpy.h
fn=stpcpy
38 4
39 3
42 2
43 2
46 3
49 3
fn=strcat
38 4
39 3
42 2
43 2
46 3
49 3
fn=strcpy
38 4
39 3
42 2
43 2
46 3
49 3
fl=./string/../sysdeps/x86_64/multiarch/ifunc-strncpy.h
fn=stpncpy
35 5
36 3
39 2
40 2
43 3
46 4
fn=strncpy
35 5
36 3
39 2
40 2
43 3
46 4
fl=./string/../sysdeps/x86_64/multiarch/memchr-avx2.S
fn=__memchr_avx2
61 45
68 45
70 45
73 45
74 45
76 45
77 45
78 45
79 45
82 45
83 45
86 45
87 45
89 44
90 44
91 2
92 2
94 4
101 1
106 1
113 1
114 1
121 6
122 6
123 6
124 12
128 1
129 1
133 3
134 3
135 3
136 6
140 9
141 9
142 9
143 18
148 17
149 17
150 17
151 34
161 42
162 42
163 42
165 42
175 42
176 42
179 42
180 42
182 35
183 35
185 29
186 29
187 29
188 29
190 26
191 26
192 26
193 26
195 17
196 17
197 17
198 17
257 7
258 7
261 5
262 5
266 1
267 1
278 2
310 2
312 2
314 2
315 2
316 2
317 2
318 4
338 1
342 1
344 1
345 2
366 4
367 4
368 4
369 4
371 3
372 3
375 3
376 3
379 3
380 3
384 2
385 2
387 1
388 1
390 1
391 1
392 1
393 1
394 1
395 1
397 4
401 1
402 1
403 1
404 2
fl=./string/../sysdeps/x86_64/multiarch/memchr.c
fn=memchr
29 2
fl=./string/../sysdeps/x86_64/multiarch/memcmp-avx2-movbe.S
fn=__memcmp_avx2_movbe
73 683
80 683
81 683
156 619
166 619
167 619
168 619
171 1238
401 683
402 683
407 683
408 683
409 683
410 683
411 683
414 681
415 681
416 681
417 681
420 681
421 681
422 62
423 124
429 2
430 2
432 2
433 2
435 2
436 2
438 2
439 2
440 2
441 2
442 2
443 2
444 2
445 2
446 2
448 2
450 2
fl=./string/../sysdeps/x86_64/multiarch/memcmp.c
fn=bcmp
29 8
fl=./string/../sysdeps/x86_64/multiarch/memcmpeq.c
fn=memcpy@@GLIBC_2.14
29 2
fl=./string/../sysdeps/x86_64/multiarch/memmove-vec-unaligned-erms.S
fn=__memcpy_avx_unaligned_erms
255 9924
256 9924
262 9924
263 9924
265 6559
266 6559
267 6559
270 45
271 45
272 45
275 90
305 3365
306 3365
308 3360
309 3360
311 3360
315 3360
316 3359
317 3359
318 3336
319 3336
320 163
321 163
323 3336
325 3359
331 1
332 1
333 1
334 1
335 1
342 5
343 5
344 5
345 5
347 5
375 31
376 31
377 31
378 31
379 31
380 31
381 62
386 6514
387 6514
392 6514
393 6514
395 6514
396 6514
397 6514
399 6483
400 6483
401 6483
402 6483
403 6483
404 6483
405 6483
406 6483
407 6483
408 6483
409 6483
410 6483
411 6483
412 6483
413 12966
fn=memcpy
210 21
211 21
217 40
218 40
220 21
221 21
222 21
224 11
225 11
226 11
228 11
308 19
309 19
311 4
315 4
316 4
317 4
318 1
319 1
323 1
325 4
364 15
365 15
366 15
367 15
368 15
375 10
376 10
377 10
378 10
379 10
380 10
381 10
392 10
393 10
395 10
396 10
397 10
fn=mempcpy
197 19
198 19
199 19
200 19
fl=./string/../sysdeps/x86_64/multiarch/memmove.c
fn=memmove
29 2
fl=./string/../sysdeps/x86_64/multiarch/mempcpy.c
fn=mempcpy
33 1
fl=./string/../sysdeps/x86_64/multiarch/memrchr.c
fn=memrchr
29 3
fl=./string/../sysdeps/x86_64/multiarch/memset-vec-unaligned-erms.S
fn=__memset_avx2_unaligned_erms
158 2
159 4
164 2
165 2
166 1
167 1
168 1
237 1
238 1
244 1
245 1
257 1
260 1
261 1
273 1
274 1
287 1
288 1
290 1
308 1
309 1
310 1
311 1
314 2
337 1
346 1
347 1
352 1
353 1
354 1
355 1
356 1
357 1
358 1
361 1
fl=./string/../sysdeps/x86_64/multiarch/memset.c
fn=memset
29 2
fl=./string/../sysdeps/x86_64/multiarch/stpcpy.c
fn=stpcpy
33 3
fl=./string/../sysdeps/x86_64/multiarch/stpncpy.c
fn=stpncpy
31 3
fl=./string/../sysdeps/x86_64/multiarch/strcasecmp.c
fn=strcasecmp
31 3
fl=./string/../sysdeps/x86_64/multiarch/strcasecmp_l.c
fn=strcasecmp_l
31 3
fl=./string/../sysdeps/x86_64/multiarch/strcat.c
fn=strcat
29 3
fl=./string/../sysdeps/x86_64/multiarch/strchr-avx2.S
fn=__strchr_avx2
53 1
55 1
56 1
57 1
58 1
59 1
62 1
63 1
67 1
68 1
69 1
70 1
71 1
72 1
73 1
74 1
77 1
85 1
93 1
94 2
fl=./string/../sysdeps/x86_64/multiarch/strchr.c
fn=index
42 4
43 2
44 3
47 2
48 2
51 3
54 3
65 3
fl=./string/../sysdeps/x86_64/multiarch/strchrnul.c
fn=strchrnul
31 3
fl=./string/../sysdeps/x86_64/multiarch/strcmp.c
fn=strcmp
47 4
48 2
49 3
52 2
53 2
56 3
59 3
79 3
fl=./string/../sysdeps/x86_64/multiarch/strcpy.c
fn=strcpy
29 3
fl=./string/../sysdeps/x86_64/multiarch/strcspn.c
fn=strcspn
29 2
fl=./string/../sysdeps/x86_64/multiarch/strlen-avx2.S
fn=__strlen_avx2
52 42
65 42
66 42
67 42
70 42
72 42
73 42
76 42
77 42
85 42
86 42
118 12
131 12
132 12
133 12
139 24
168 5
181 5
182 5
183 5
189 10
193 25
206 25
207 25
208 25
214 50
221 42
236 42
242 42
243 42
244 42
246 30
247 30
248 30
249 30
251 30
252 30
253 30
254 30
256 25
257 25
258 25
259 25
fl=./string/../sysdeps/x86_64/multiarch/strlen.c
fn=strlen
29 6
fl=./string/../sysdeps/x86_64/multiarch/strncase.c
fn=strncasecmp
31 3
fl=./string/../sysdeps/x86_64/multiarch/strncase_l.c
fn=strncasecmp_l
31 3
fl=./string/../sysdeps/x86_64/multiarch/strncmp.c
fn=strncmp
43 4
44 2
45 3
48 2
49 2
52 3
55 5
67 3
fl=./string/../sysdeps/x86_64/multiarch/strncpy.c
fn=strncpy
29 3
fl=./string/../sysdeps/x86_64/multiarch/strnlen.c
fn=strnlen
31 6
fl=./string/../sysdeps/x86_64/multiarch/strpbrk.c
fn=strpbrk
29 2
fl=./string/../sysdeps/x86_64/multiarch/strrchr-avx2.S
fn=__strrchr_avx2
53 1
54 1
55 1
57 1
58 1
62 1
63 1
64 1
67 1
69 1
70 1
71 1
72 1
75 1
76 1
78 1
79 1
80 1
81 1
82 1
91 2
fl=./string/../sysdeps/x86_64/multiarch/strrchr.c
fn=rindex
28 3
fl=./string/../sysdeps/x86_64/multiarch/strspn.c
fn=strspn
29 2
fl=./string/./string/strdup.c
fn=strdup
40 24
41 8
44 8
47 16
48 12
fl=./wcsmbs/../sysdeps/x86_64/multiarch/ifunc-avx2.h
fn=wcschr
38 8
40 6
41 4
42 6
45 4
46 4
49 6
52 12
fn=wcscmp
38 4
40 3
41 2
42 3
45 2
46 2
49 3
52 6
fl=./wcsmbs/../sysdeps/x86_64/multiarch/ifunc-evex.h
fn=wmemchr
37 8
38 6
39 6
42 4
43 4
45 4
51 6
54 8
fl=./wcsmbs/../sysdeps/x86_64/multiarch/ifunc-memcmp.h
fn=wmemcmp
34 5
35 2
36 2
37 3
40 2
41 2
44 3
47 4
fl=./wcsmbs/../sysdeps/x86_64/multiarch/ifunc-wcs.h
fn=wcpncpy
39 4
40 3
41 3
44 2
45 3
48 4
fn=wcscat
39 4
40 3
41 3
44 2
45 3
48 4
fn=wcsncpy
39 4
40 3
41 3
44 2
45 3
48 4
fl=./wcsmbs/../sysdeps/x86_64/multiarch/ifunc-wcslen.h
fn=wcslen
40 4
41 2
42 3
45 2
46 2
49 3
52 3
fn=wcsnlen
40 4
41 2
42 3
45 2
46 2
49 3
52 3
fl=./wcsmbs/../sysdeps/x86_64/multiarch/ifunc-wmemset.h
fn=wmemset
36 10
37 6
fl=./wcsmbs/../sysdeps/x86_64/multiarch/wcpcpy.c
fn=wcpncpy
31 1
fl=./wcsmbs/../sysdeps/x86_64/multiarch/wcpncpy.c
fn=wcpncpy
31 1
fl=./wcsmbs/../sysdeps/x86_64/multiarch/wcscat.c
fn=wcscat
31 2
fn=wcschr
31 2
fl=./wcsmbs/../sysdeps/x86_64/multiarch/wcschr.c
fn=wcschr
31 4
fl=./wcsmbs/../sysdeps/x86_64/multiarch/wcscmp.c
fn=wcscmp
30 3
fl=./wcsmbs/../sysdeps/x86_64/multiarch/wcscpy.c
fn=wcscpy
42 4
43 2
44 3
46 2
47 3
50 3
60 2
fl=./wcsmbs/../sysdeps/x86_64/multiarch/wcslen.c
fn=wcslen
29 3
fl=./wcsmbs/../sysdeps/x86_64/multiarch/wcsncpy.c
fn=wcsncpy
31 2
fl=./wcsmbs/../sysdeps/x86_64/multiarch/wcsnlen.c
fn=wcsnlen
30 3
fl=./wcsmbs/../sysdeps/x86_64/multiarch/wmemchr.c
fn=wmemchr
31 4
fl=./wcsmbs/../sysdeps/x86_64/multiarch/wmemcmp.c
fn=wmemcmp
29 4
fl=./wcsmbs/../sysdeps/x86_64/multiarch/wmemset.c
fn=wmemset
31 4
fl=/home/von/.rustup/toolchains/stable-x86_64-unknown-linux-gnu/lib/rustlib/src/rust/library/alloc/src/alloc.rs
fn=alloc::raw_vec::finish_grow
139 93
214 62
fn=core::ptr::drop_in_place<alloc::vec::Vec<alloc::rc::Rc<core::cell::RefCell<sudoku::core::solver::Node>>>>
119 20
fn=sudoku::core::board::Board::apply_user_input_to_board
119 2
fn=sudoku::core::board::Board::from_seed
0 1
119 4
fn=sudoku::core::board::Board::validate
0 10
99 144
119 198
fn=sudoku::core::solver::DancingLinks::init_constraint_matrix
0 2916
99 21876
119 5832
349 14580
fn=sudoku::core::solver::DancingLinks::new
99 12
349 4
fn=sudoku::core::solver::DancingLinks::search
99 6
fn=sudoku::core::solver::DancingLinks::solve_with_partial
0 2
119 260
266 64
fn=sudoku::core::solver::DancingLinks::to_sudoku_board
119 8
fn=sudoku::core::solver::Node::new_header
99 1944
349 1296
fn=sudoku::main
99 3
349 2
fl=/home/von/.rustup/toolchains/stable-x86_64-unknown-linux-gnu/lib/rustlib/src/rust/library/alloc/src/boxed.rs
fn=sudoku::core::solver::DancingLinks::init_constraint_matrix
257 33534
fn=sudoku::core::solver::DancingLinks::new
0 2
257 8
fn=sudoku::core::solver::Node::new_header
257 3240
fl=/home/von/.rustup/toolchains/stable-x86_64-unknown-linux-gnu/lib/rustlib/src/rust/library/alloc/src/fmt.rs
fn=sudoku::core::solver::DancingLinks::init_header_row
642 1944
fn=sudoku::core::solver::DancingLinks::solve_with_partial
642 256
fl=/home/von/.rustup/toolchains/stable-x86_64-unknown-linux-gnu/lib/rustlib/src/rust/library/alloc/src/raw_vec.rs
fn=alloc::raw_vec::RawVec<T,A>::grow_one
0 64
335 48
337 64
512 16
522 39
554 16
616 16
617 16
640 16
645 45
fn=alloc::raw_vec::finish_grow
0 55
745 204
755 99
767 136
fn=alloc::vec::Vec<T,A>::push
497 98
fn=core::ptr::drop_in_place<alloc::vec::Vec<alloc::rc::Rc<core::cell::RefCell<sudoku::core::solver::Node>>>>
0 2
396 2
497 2
512 2
fn=sudoku::core::board::Board::apply_user_input_to_board
0 1
396 1
512 1
fn=sudoku::core::board::Board::from_seed
497 30
512 1
fn=sudoku::core::board::Board::validate
0 126
456 27
469 90
522 36
640 18
645 72
fn=sudoku::core::solver::DancingLinks::init_constraint_matrix
0 4
469 4
497 6482
fn=sudoku::core::solver::DancingLinks::new
0 4
469 4
fn=sudoku::core::solver::DancingLinks::search
0 6
456 4
469 4
fn=sudoku::core::solver::DancingLinks::solve_with_partial
0 2
396 4
497 66
512 66
fn=sudoku::core::solver::DancingLinks::to_sudoku_board
512 2
fl=/home/von/.rustup/toolchains/stable-x86_64-unknown-linux-gnu/lib/rustlib/src/rust/library/alloc/src/rc.rs
fn=<alloc::rc::Rc<T,A> as core::ops::drop::Drop>::drop
2251 426669
2254 142223
2268 568892
fn=<alloc::rc::Rc<core::cell::RefCell<sudoku::core::solver::Node>> as sudoku::core::solver::NodeRef>::remove_from_neighbors
3481 5670
fn=sudoku::core::solver::DancingLinks::cover
372 2916
2208 2916
3481 3564
fn=sudoku::core::solver::DancingLinks::init_constraint_matrix
0 658
372 23330
400 86022
2291 6484
3465 5832
3481 15234
fn=sudoku::core::solver::DancingLinks::init_header_row
372 14
3465 648
3481 1946
fn=sudoku::core::solver::DancingLinks::new
372 2
400 26
3465 2
3481 2
fn=sudoku::core::solver::DancingLinks::search
0 100
372 12014
2208 294
2291 492
3481 12276
fn=sudoku::core::solver::DancingLinks::solve_with_partial
0 512
372 3073
2291 1344
3481 1216
fn=sudoku::core::solver::DancingLinks::to_sudoku_board
372 162
3481 168
fn=sudoku::core::solver::Node::link_down
0 12960
372 6480
2291 6480
3481 19440
fn=sudoku::core::solver::Node::link_right
0 1296
372 648
2291 648
3481 1944
fn=sudoku::core::solver::Node::new_header
372 1296
400 9072
3465 648
3481 2592
fn=sudoku::main
2254 1
fl=/home/von/.rustup/toolchains/stable-x86_64-unknown-linux-gnu/lib/rustlib/src/rust/library/alloc/src/slice.rs
fn=sudoku::core::solver::DancingLinks::search
0 162
143 162
151 6
fl=/home/von/.rustup/toolchains/stable-x86_64-unknown-linux-gnu/lib/rustlib/src/rust/library/alloc/src/vec/into_iter.rs
fn=sudoku::core::solver::DancingLinks::to_sudoku_board
0 4
218 164
222 8
fl=/home/von/.rustup/toolchains/stable-x86_64-unknown-linux-gnu/lib/rustlib/src/rust/library/alloc/src/vec/mod.rs
fn=alloc::vec::Vec<T,A>::push
2400 686
2402 98
2405 196
2406 8
2411 196
2413 490
fn=core::ptr::drop_in_place<alloc::vec::Vec<alloc::rc::Rc<core::cell::RefCell<sudoku::core::solver::Node>>>>
3719 2
fn=sudoku::core::board::Board::from_seed
423 3
2405 60
2406 12
fn=sudoku::core::board::Board::validate
0 18
3494 144
fn=sudoku::core::solver::DancingLinks::init_constraint_matrix
801 6
933 4374
1567 5832
2402 650
2405 1300
2411 1300
fn=sudoku::core::solver::DancingLinks::search
1567 2
3254 2
fn=sudoku::core::solver::DancingLinks::solve_with_partial
0 170
423 12
2402 64
2405 128
2406 16
2411 128
3719 2
fn=sudoku::main
933 6
fl=/home/von/.rustup/toolchains/stable-x86_64-unknown-linux-gnu/lib/rustlib/src/rust/library/alloc/src/vec/partial_eq.rs
fn=sudoku::core::solver::DancingLinks::solve_with_partial
0 683
15 683
fl=/home/von/.rustup/toolchains/stable-x86_64-unknown-linux-gnu/lib/rustlib/src/rust/library/core/src/alloc/layout.rs
fn=alloc::raw_vec::RawVec<T,A>::grow_one
0 48
383 48
fn=sudoku::core::board::Board::validate
0 36
383 99
fn=sudoku::core::solver::DancingLinks::search
0 2
383 8
fl=/home/von/.rustup/toolchains/stable-x86_64-unknown-linux-gnu/lib/rustlib/src/rust/library/core/src/array/iter.rs
fn=<sudoku::core::board::Board as core::fmt::Display>::fmt
71 32
fl=/home/von/.rustup/toolchains/stable-x86_64-unknown-linux-gnu/lib/rustlib/src/rust/library/core/src/cell.rs
fn=<alloc::rc::Rc<core::cell::RefCell<sudoku::core::solver::Node>> as sudoku::core::solver::NodeRef>::remove_from_neighbors
543 10044
830 10044
1411 10044
1437 5022
1818 20088
fn=sudoku::core::solver::DancingLinks::cover
0 2916
543 16686
830 12312
1411 12312
1437 4374
1818 8748
fn=sudoku::core::solver::DancingLinks::init_constraint_matrix
0 26244
543 12316
830 12318
1118 2916
1411 12316
1437 5832
1807 17496
1818 48114
fn=sudoku::core::solver::DancingLinks::init_header_row
830 2
1411 2
fn=sudoku::core::solver::DancingLinks::new
1818 4
fn=sudoku::core::solver::DancingLinks::search
0 786
543 13388
830 25012
1411 24912
1437 490
fn=sudoku::core::solver::DancingLinks::solve_with_partial
543 2091
830 3926
1411 2091
1437 256
fn=sudoku::core::solver::DancingLinks::to_sudoku_board
0 162
543 162
830 324
1411 162
fn=sudoku::core::solver::Node::link_down
0 6480
543 21384
830 6480
1411 6480
1807 26568
1818 51840
fn=sudoku::core::solver::Node::link_right
0 648
543 1944
830 648
1411 648
1807 2592
1818 5184
fn=sudoku::core::solver::Node::new_header
0 648
1818 2592
fl=/home/von/.rustup/toolchains/stable-x86_64-unknown-linux-gnu/lib/rustlib/src/rust/library/core/src/cmp.rs
fn=alloc::raw_vec::RawVec<T,A>::grow_one
0 96
fn=sudoku::core::board::Board::apply_user_input_to_board
0 3
fn=sudoku::core::board::Board::from_seed
1720 30
fn=sudoku::core::board::Board::validate
0 90
1720 770
fn=sudoku::core::solver::DancingLinks::init_constraint_matrix
1720 6498
fn=sudoku::core::solver::DancingLinks::init_header_row
1720 1944
fl=/home/von/.rustup/toolchains/stable-x86_64-unknown-linux-gnu/lib/rustlib/src/rust/library/core/src/fmt/mod.rs
fn=<sudoku::core::board::Board as core::fmt::Display>::fmt
0 2
350 1134
1664 100
1666 648
fn=sudoku::core::solver::DancingLinks::init_header_row
350 4536
fn=sudoku::core::solver::DancingLinks::solve_with_partial
350 448
fn=sudoku::main
350 23
fl=/home/von/.rustup/toolchains/stable-x86_64-unknown-linux-gnu/lib/rustlib/src/rust/library/core/src/hint.rs
fn=sudoku::core::solver::DancingLinks::solve_with_partial
513 320
fl=/home/von/.rustup/toolchains/stable-x86_64-unknown-linux-gnu/lib/rustlib/src/rust/library/core/src/intrinsics.rs
fn=sudoku::core::board::Board::validate
0 61
3375 868
fn=sudoku::core::random::generate_unique_array
3375 15
3472 16
fn=sudoku::core::solver::DancingLinks::new
3375 2
fl=/home/von/.rustup/toolchains/stable-x86_64-unknown-linux-gnu/lib/rustlib/src/rust/library/core/src/iter/adapters/take.rs
fn=sudoku::core::board::Board::from_seed
37 93
fn=sudoku::core::solver::DancingLinks::search
0 6
37 492
fl=/home/von/.rustup/toolchains/stable-x86_64-unknown-linux-gnu/lib/rustlib/src/rust/library/core/src/iter/adapters/zip.rs
fn=sudoku::core::board::Board::apply_user_input_to_board
0 1
309 164
313 81
fn=sudoku::core::solver::DancingLinks::init_constraint_matrix
309 11664
fl=/home/von/.rustup/toolchains/stable-x86_64-unknown-linux-gnu/lib/rustlib/src/rust/library/core/src/iter/range.rs
fn=sudoku::core::board::Board::from_seed
752 30
fn=sudoku::core::board::Board::validate
0 18
752 108
fn=sudoku::core::solver::DancingLinks::init_constraint_matrix
0 20
752 180
fn=sudoku::core::solver::DancingLinks::init_header_row
0 28
752 648
fl=/home/von/.rustup/toolchains/stable-x86_64-unknown-linux-gnu/lib/rustlib/src/rust/library/core/src/macros/mod.rs
fn=sudoku::core::solver::DancingLinks::init_header_row
0 2
475 2
fl=/home/von/.rustup/toolchains/stable-x86_64-unknown-linux-gnu/lib/rustlib/src/rust/library/core/src/mem/manually_drop.rs
fn=sudoku::core::solver::DancingLinks::to_sudoku_board
181 6
fl=/home/von/.rustup/toolchains/stable-x86_64-unknown-linux-gnu/lib/rustlib/src/rust/library/core/src/mem/maybe_uninit.rs
fn=sudoku::core::solver::DancingLinks::search
492 162
fl=/home/von/.rustup/toolchains/stable-x86_64-unknown-linux-gnu/lib/rustlib/src/rust/library/core/src/num/int_macros.rs
fn=<alloc::rc::Rc<core::cell::RefCell<sudoku::core::solver::Node>> as sudoku::core::solver::NodeRef>::remove_from_neighbors
1916 5022
fn=sudoku::core::solver::DancingLinks::cover
1916 12312
fn=sudoku::core::solver::DancingLinks::init_constraint_matrix
1916 12316
fn=sudoku::core::solver::DancingLinks::init_header_row
2324 3888
fn=sudoku::core::solver::DancingLinks::search
1916 12898
fn=sudoku::core::solver::DancingLinks::solve_with_partial
1916 1835
fn=sudoku::core::solver::DancingLinks::to_sudoku_board
1916 162
fn=sudoku::core::solver::Node::link_down
1916 6480
fn=sudoku::core::solver::Node::link_right
1916 648
fl=/home/von/.rustup/toolchains/stable-x86_64-unknown-linux-gnu/lib/rustlib/src/rust/library/core/src/num/mod.rs
fn=alloc::raw_vec::RawVec<T,A>::grow_one
0 16
22 16
fn=sudoku::core::board::Board::validate
0 18
22 36
fl=/home/von/.rustup/toolchains/stable-x86_64-unknown-linux-gnu/lib/rustlib/src/rust/library/core/src/num/uint_macros.rs
fn=<sudoku::core::board::Board as core::fmt::Display>::fmt
573 648
fn=alloc::raw_vec::RawVec<T,A>::grow_one
494 16
498 16
922 13
2451 16
fn=core::ptr::drop_in_place<alloc::vec::Vec<alloc::rc::Rc<core::cell::RefCell<sudoku::core::solver::Node>>>>
922 2
fn=sudoku::core::board::Board::from_seed
922 1
fn=sudoku::core::board::Board::validate
0 126
494 18
573 18
922 27
1761 36
2451 18
fn=sudoku::core::solver::DancingLinks::init_constraint_matrix
0 2664
573 180
1901 11664
fn=sudoku::core::solver::DancingLinks::init_header_row
1901 1296
fn=sudoku::core::solver::DancingLinks::new
1901 4
fn=sudoku::core::solver::DancingLinks::search
2451 8
fn=sudoku::core::solver::DancingLinks::solve_with_partial
922 2
fn=sudoku::core::solver::DancingLinks::to_sudoku_board
922 2
fn=sudoku::core::solver::Node::new_header
1901 1944
fl=/home/von/.rustup/toolchains/stable-x86_64-unknown-linux-gnu/lib/rustlib/src/rust/library/core/src/ops/function.rs
fn=std::sys::backtrace::__rust_begin_short_backtrace
250 1
fl=/home/von/.rustup/toolchains/stable-x86_64-unknown-linux-gnu/lib/rustlib/src/rust/library/core/src/ops/index_range.rs
fn=<sudoku::core::board::Board as core::fmt::Display>::fmt
119 810
fl=/home/von/.rustup/toolchains/stable-x86_64-unknown-linux-gnu/lib/rustlib/src/rust/library/core/src/ops/range.rs
fn=sudoku::core::board::Board::validate
0 36
546 18
fn=sudoku::core::solver::DancingLinks::init_constraint_matrix
0 162
546 1458
fl=/home/von/.rustup/toolchains/stable-x86_64-unknown-linux-gnu/lib/rustlib/src/rust/library/core/src/option.rs
fn=<alloc::rc::Rc<core::cell::RefCell<sudoku::core::solver::Node>> as sudoku::core::solver::NodeRef>::remove_from_neighbors
2035 30132
fn=sudoku::core::board::Board::from_seed
993 2
fn=sudoku::core::solver::DancingLinks::cover
1247 8748
2035 23814
fn=sudoku::core::solver::DancingLinks::init_constraint_matrix
1247 11664
2035 19452
fn=sudoku::core::solver::DancingLinks::init_header_row
607 2
fn=sudoku::core::solver::DancingLinks::search
0 196
1247 196
2035 38988
fn=sudoku::core::solver::DancingLinks::solve_with_partial
0 64
706 683
2035 4096
fn=sudoku::core::solver::DancingLinks::to_sudoku_board
2035 324
fn=sudoku::core::solver::Node::link_down
2035 19440
fn=sudoku::core::solver::Node::link_right
2035 1944
fl=/home/von/.rustup/toolchains/stable-x86_64-unknown-linux-gnu/lib/rustlib/src/rust/library/core/src/ptr/const_ptr.rs
fn=sudoku::core::solver::DancingLinks::to_sudoku_board
774 4
fl=/home/von/.rustup/toolchains/stable-x86_64-unknown-linux-gnu/lib/rustlib/src/rust/library/core/src/ptr/mod.rs
fn=<alloc::rc::Rc<T,A> as core::ops::drop::Drop>::drop
1640 142223
fn=<alloc::rc::Rc<core::cell::RefCell<sudoku::core::solver::Node>> as sudoku::core::solver::NodeRef>::remove_from_neighbors
0 10044
574 50868
1640 74682
fn=<sudoku::core::board::Board as core::fmt::Display>::fmt
1435 162
fn=alloc::vec::Vec<T,A>::push
1640 98
fn=core::ptr::drop_in_place<alloc::vec::Vec<alloc::rc::Rc<core::cell::RefCell<sudoku::core::solver::Node>>>>
0 654
574 3922
fn=sudoku::core::board::Board::from_seed
574 1
1640 30
fn=sudoku::core::board::Board::validate
0 378
1640 333
fn=sudoku::core::solver::DancingLinks::cover
0 2754
574 21708
1640 47142
2164 6480
fn=sudoku::core::solver::DancingLinks::init_constraint_matrix
0 23344
574 132522
1640 173684
1813 11664
2164 650
fn=sudoku::core::solver::DancingLinks::init_header_row
574 1298
1640 3890
fn=sudoku::core::solver::DancingLinks::new
574 8
1640 10
1813 2
fn=sudoku::core::solver::DancingLinks::search
0 12506
574 49818
1640 64842
2164 13094
fn=sudoku::core::solver::DancingLinks::solve_with_partial
0 1314
574 9492
1640 12973
2164 1408
fn=sudoku::core::solver::DancingLinks::to_sudoku_board
0 2
574 656
1435 162
1640 486
fn=sudoku::core::solver::Node::link_down
0 37584
574 92016
1640 123120
fn=sudoku::core::solver::Node::link_right
0 4536
574 9072
1640 12312
fn=sudoku::core::solver::Node::new_header
0 648
574 3888
1640 5832
1813 1296
fn=sudoku::main
1640 1
1813 2
fl=/home/von/.rustup/toolchains/stable-x86_64-unknown-linux-gnu/lib/rustlib/src/rust/library/core/src/ptr/mut_ptr.rs
fn=sudoku::core::board::Board::validate
1005 36
fn=sudoku::core::solver::DancingLinks::to_sudoku_board
1005 2
fl=/home/von/.rustup/toolchains/stable-x86_64-unknown-linux-gnu/lib/rustlib/src/rust/library/core/src/ptr/non_null.rs
fn=<alloc::rc::Rc<T,A> as core::ops::drop::Drop>::drop
366 142223
fn=<alloc::rc::Rc<core::cell::RefCell<sudoku::core::solver::Node>> as sudoku::core::solver::NodeRef>::remove_from_neighbors
366 5022
fn=sudoku::core::board::Board::from_seed
1709 31
fn=sudoku::core::board::Board::validate
1709 30
fn=sudoku::core::solver::DancingLinks::cover
366 6480
fn=sudoku::core::solver::DancingLinks::init_constraint_matrix
0 1458
366 24788
fn=sudoku::core::solver::DancingLinks::init_header_row
366 2
fn=sudoku::core::solver::DancingLinks::search
366 100
1709 162
fn=sudoku::core::solver::DancingLinks::solve_with_partial
1709 324
fn=sudoku::core::solver::DancingLinks::to_sudoku_board
1709 488
fl=/home/von/.rustup/toolchains/stable-x86_64-unknown-linux-gnu/lib/rustlib/src/rust/library/core/src/result.rs
fn=alloc::raw_vec::RawVec<T,A>::grow_one
1997 32
1998 16
fn=alloc::raw_vec::finish_grow
0 102
854 136
1997 31
fn=sudoku::core::board::Board::from_seed
1102 2
1103 6
fn=sudoku::core::board::Board::validate
0 90
1997 36
1998 18
fn=sudoku::core::solver::DancingLinks::cover
1997 5022
fn=sudoku::core::solver::DancingLinks::init_header_row
1059 1296
fn=sudoku::core::solver::DancingLinks::search
0 100
1997 392
fn=sudoku::core::solver::DancingLinks::solve_with_partial
1997 516
fn=sudoku::main
1102 2
1103 6
fl=/home/von/.rustup/toolchains/stable-x86_64-unknown-linux-gnu/lib/rustlib/src/rust/library/core/src/slice/cmp.rs
fn=sudoku::core::board::Board::validate
0 9
83 18
91 135
fn=sudoku::core::solver::DancingLinks::init_constraint_matrix
83 11664
fn=sudoku::core::solver::DancingLinks::solve_with_partial
83 1366
91 2049
fl=/home/von/.rustup/toolchains/stable-x86_64-unknown-linux-gnu/lib/rustlib/src/rust/library/core/src/slice/index.rs
fn=sudoku::core::solver::DancingLinks::init_constraint_matrix
301 11664
fl=/home/von/.rustup/toolchains/stable-x86_64-unknown-linux-gnu/lib/rustlib/src/rust/library/core/src/slice/iter/macros.rs
fn=sudoku::core::board::Board::from_seed
25 31
fn=sudoku::core::board::Board::validate
0 27
25 10
232 81
237 243
268 18
fn=sudoku::core::solver::DancingLinks::search
25 162
fn=sudoku::core::solver::DancingLinks::solve_with_partial
25 162
fl=/home/von/.rustup/toolchains/stable-x86_64-unknown-linux-gnu/lib/rustlib/src/rust/library/core/src/slice/sort/shared/smallsort.rs
fn=sudoku::core::board::Board::validate
0 421
547 661
566 322
572 873
599 108
fl=/home/von/.rustup/toolchains/stable-x86_64-unknown-linux-gnu/lib/rustlib/src/rust/library/core/src/slice/sort/unstable/mod.rs
fn=sudoku::core::board::Board::validate
29 18
44 18
fl=/home/von/.rustup/toolchains/stable-x86_64-unknown-linux-gnu/lib/rustlib/src/rust/library/std/src/rt.rs
fn=std::rt::lang_start::{{closure}}
195 6
fl=/home/von/.rustup/toolchains/stable-x86_64-unknown-linux-gnu/lib/rustlib/src/rust/library/std/src/sys/backtrace.rs
fn=std::sys::backtrace::__rust_begin_short_backtrace
150 1
160 2
fl=/home/von/openvm-sudoku/sudoku/src/core/board.rs
fn=<sudoku::core::board::Board as core::fmt::Display>::fmt
162 16
164 4
165 162
166 648
168 324
173 18
fn=sudoku::core::board::Board::apply_user_input_to_board
76 2
77 83
79 567
83 81
86 2
87 3
fn=sudoku::core::board::Board::from_seed
0 36
36 9
40 1
41 6
44 12
46 3
47 1
48 1
49 1
50 1
54 3
61 30
62 90
64 12
65 9
fn=sudoku::core::board::Board::validate
90 13
107 9
125 9
133 12
138 243
146 8
fl=/home/von/openvm-sudoku/sudoku/src/core/random.rs
fn=sudoku::core::board::Board::from_seed
0 65
12 3
20 90
21 90
22 90
23 1
47 240
50 2
fn=sudoku::core::random::generate_unique_array
0 4
20 24
21 24
22 24
32 2
33 2
38 31
41 4
42 1
fl=/home/von/openvm-sudoku/sudoku/src/core/solver.rs
fn=<alloc::rc::Rc<core::cell::RefCell<sudoku::core::solver::Node>> as sudoku::core::solver::NodeRef>::remove_from_neighbors
117 25110
119 10044
128 648
129 648
130 1296
131 1296
134 4374
135 4374
136 8748
137 8748
140 25110
fn=sudoku::core::solver::DancingLinks::cover
0 2414
152 8748
640 5832
641 2592
643 648
645 2106
646 1458
650 4374
651 21870
653 13122
657 4374
660 2916
663 1458
667 6480
fn=sudoku::core::solver::DancingLinks::init_constraint_matrix
0 8748
146 11664
485 16
488 2
501 650
503 650
506 648
519 7290
520 1458
521 1458
522 1458
528 2916
529 2916
534 8748
535 8748
540 2916
541 2916
543 11664
549 17496
555 11664
568 5832
574 11664
592 26
fn=sudoku::core::solver::DancingLinks::init_header_row
0 648
336 14
340 1458
341 648
342 486
343 486
344 162
351 1458
352 648
353 486
354 486
355 162
359 1458
360 648
361 486
362 486
363 162
367 1458
368 648
369 486
370 486
371 162
377 16
fn=sudoku::core::solver::DancingLinks::new
313 8
329 2
330 2
334 12
fn=sudoku::core::solver::DancingLinks::search
0 12700
705 800
709 100
710 100
713 2
719 98
720 98
722 12014
723 23832
724 23832
726 585
728 23832
731 11916
733 196
744 294
745 98
746 98
747 294
751 392
752 392
753 392
754 588
757 392
760 294
763 686
764 392
789 996
fn=sudoku::core::solver::DancingLinks::solve_with_partial
0 217
67 745
422 64
430 683
436 683
437 683
442 1238
446 619
698 20
702 12
703 6
704 18
850 324
851 162
853 384
856 896
857 192
858 64
860 213
861 298
862 234
871 85
881 6
887 128
891 64
899 384
901 192
fn=sudoku::core::solver::DancingLinks::to_sudoku_board
58 486
911 16
913 14
914 172
923 810
926 26
927 16
fn=sudoku::core::solver::Node::link_down
0 6480
292 45360
293 6480
300 13608
301 13608
303 12960
304 19440
306 38880
fn=sudoku::core::solver::Node::link_right
0 648
241 4536
246 648
254 1296
255 1296
257 1296
258 1944
260 5184
fn=sudoku::core::solver::Node::new_header
222 2592
236 1296
237 1296
238 648
240 3888
fl=/home/von/openvm-sudoku/sudoku/src/lib.rs
fn=sudoku::core::solver::DancingLinks::init_constraint_matrix
0 2
fn=sudoku::core::solver::DancingLinks::search
0 98
fl=/home/von/openvm-sudoku/sudoku/src/main.rs
fn=sudoku::main
0 6
3 4
4 4
5 4
7 3
8 1
9 1
10 1
11 1
13 11
20 2
21 3
23 3
25 4
26 5
fl=/rustc/90b35a6239c3d8bdabc530a6a0816f7ff89a0aaf/library/alloc/src/alloc.rs
fn=<&std::io::stdio::Stdout as std::io::Write>::write_fmt
0 3
fn=alloc::fmt::format::format_inner
99 2136
fn=core::ptr::drop_in_place<std::io::buffered::linewriter::LineWriter<std::io::stdio::StdoutRaw>>
119 9
fn=std::io::buffered::bufwriter::BufWriter<W>::flush_buf
0 43
fn=std::rt::lang_start_internal
99 4
188 2
192 2
fn=std::sync::once::Once::call_once_force::{{closure}}
99 3
fl=/rustc/90b35a6239c3d8bdabc530a6a0816f7ff89a0aaf/library/alloc/src/fmt.rs
fn=alloc::fmt::format::format_inner
633 6408
639 2848
640 5696
fl=/rustc/90b35a6239c3d8bdabc530a6a0816f7ff89a0aaf/library/alloc/src/raw_vec.rs
fn=<alloc::string::String as core::fmt::Write>::write_str
0 2848
502 2848
546 2848
608 2848
fn=<std::io::stdio::StdoutLock as std::io::Write>::write_all
502 534
fn=alloc::fmt::format::format_inner
456 712
469 1424
fn=core::ptr::drop_in_place<std::io::buffered::linewriter::LineWriter<std::io::stdio::StdoutRaw>>
512 1
fn=std::sync::once::Once::call_once_force::{{closure}}
0 2
469 2
fl=/rustc/90b35a6239c3d8bdabc530a6a0816f7ff89a0aaf/library/alloc/src/string.rs
fn=<alloc::string::String as core::fmt::Write>::write_str
3080 22784
3083 19936
fn=alloc::fmt::format::format_inner
490 2136
fl=/rustc/90b35a6239c3d8bdabc530a6a0816f7ff89a0aaf/library/alloc/src/sync.rs
fn=alloc::sync::arcinner_layout_for_value_layout
367 1
fn=std::io::stdio::print_to_buffer_if_capture_used
0 3
fn=std::rt::lang_start_internal
0 2
1923 3
fl=/rustc/90b35a6239c3d8bdabc530a6a0816f7ff89a0aaf/library/alloc/src/vec/mod.rs
fn=<alloc::string::String as core::fmt::Write>::write_str
1268 2848
2556 5696
fn=<std::io::stdio::StdoutLock as std::io::Write>::write_all
1883 1560
2665 23
fn=std::io::buffered::bufwriter::BufWriter<W>::flush_buf
2665 22
fl=/rustc/90b35a6239c3d8bdabc530a6a0816f7ff89a0aaf/library/core/src/alloc/layout.rs
fn=alloc::fmt::format::format_inner
383 712
fn=alloc::sync::arcinner_layout_for_value_layout
106 1
112 2
325 8
446 2
fl=/rustc/90b35a6239c3d8bdabc530a6a0816f7ff89a0aaf/library/core/src/cell.rs
fn=<&std::io::stdio::Stdout as std::io::Write>::write_fmt
543 9
fn=<std::io::stdio::StdoutLock as std::io::Write>::write_all
0 1026
1818 1026
fn=std::rt::lang_start_internal
543 8
fn=std::sync::once::Once::call_once::{{closure}}
543 3
1818 2
fn=std::sys::sync::once::futex::Once::call
543 2
fl=/rustc/90b35a6239c3d8bdabc530a6a0816f7ff89a0aaf/library/core/src/cmp.rs
fn=<std::io::stdio::StdoutLock as std::io::Write>::write_all
0 6
fn=std::io::buffered::bufwriter::BufWriter<W>::flush_buf
0 42
fn=std::rt::lang_start_internal
1636 1
fn=std::sync::once::Once::call_once::{{closure}}
0 3
fn=std::sys::pal::unix::stack_overflow::imp::make_handler
0 3
fl=/rustc/90b35a6239c3d8bdabc530a6a0816f7ff89a0aaf/library/core/src/fmt/mod.rs
fn=<bool as core::fmt::Display>::fmt
2428 3
2429 2
2485 5
fn=alloc::fmt::format::format_inner
0 1424
226 2848
376 1424
378 1424
380 4984
fn=core::fmt::Formatter::pad
0 15
1435 10
fn=core::fmt::Formatter::pad_integral
0 17446
1340 19032
1344 3172
1347 3172
1352 3172
1369 3172
1373 14274
1374 6344
1845 6344
fn=core::fmt::Formatter::pad_integral::write_prefix
0 1586
1361 14274
1362 3172
1365 3172
1366 9516
fn=core::fmt::write
0 4220
283 5262
1168 7016
1172 3508
1175 877
1179 4767
1180 9534
1186 3178
1188 1589
1210 877
1211 1155
1215 7016
fl=/rustc/90b35a6239c3d8bdabc530a6a0816f7ff89a0aaf/library/core/src/fmt/num.rs
fn=core::fmt::num::imp::<impl core::fmt::Display for i32>::fmt
0 5184
216 3888
219 2592
223 1296
245 3888
272 2592
292 3888
302 2592
303 2592
304 2592
316 1296
318 5184
fn=core::fmt::num::imp::<impl core::fmt::Display for u64>::fmt
0 128
216 384
239 384
245 384
272 256
292 384
302 256
303 256
304 256
316 128
318 640
fn=core::fmt::num::imp::<impl core::fmt::Display for u8>::fmt
216 486
239 324
245 486
292 162
302 324
304 486
316 162
318 810
fl=/rustc/90b35a6239c3d8bdabc530a6a0816f7ff89a0aaf/library/core/src/fmt/rt.rs
fn=core::fmt::write
169 1589
177 3178
fl=/rustc/90b35a6239c3d8bdabc530a6a0816f7ff89a0aaf/library/core/src/intrinsics.rs
fn=<alloc::string::String as core::fmt::Write>::write_str
3375 5696
fn=<std::io::stdio::StdoutLock as std::io::Write>::write_all
3375 1602
fn=core::fmt::num::imp::<impl core::fmt::Display for u8>::fmt
0 162
fn=std::rt::lang_start_internal
3549 17
fn=std::sys::pal::unix::stack_overflow::imp::make_handler
3549 5
fl=/rustc/90b35a6239c3d8bdabc530a6a0816f7ff89a0aaf/library/core/src/iter/traits/accum.rs
fn=alloc::fmt::format::format_inner
53 1424
fl=/rustc/90b35a6239c3d8bdabc530a6a0816f7ff89a0aaf/library/core/src/macros/mod.rs
fn=<&std::io::stdio::Stdout as std::io::Write>::write_fmt
475 3
fn=core::fmt::Formatter::pad
475 4
fn=std::sync::once::Once::call_once::{{closure}}
475 1
fn=std::sys::exit_guard::unique_thread_exit
0 1
475 1
fl=/rustc/90b35a6239c3d8bdabc530a6a0816f7ff89a0aaf/library/core/src/mem/maybe_uninit.rs
fn=std::sync::once::Once::call_once_force::{{closure}}
492 7
fl=/rustc/90b35a6239c3d8bdabc530a6a0816f7ff89a0aaf/library/core/src/num/mod.rs
fn=alloc::fmt::format::format_inner
22 712
fn=core::slice::memchr::memrchr
1299 1972
fn=std::rt::lang_start_internal
22 1
fl=/rustc/90b35a6239c3d8bdabc530a6a0816f7ff89a0aaf/library/core/src/num/uint_macros.rs
fn=<alloc::string::String as core::fmt::Write>::write_str
1942 2848
fn=std::rt::lang_start_internal
494 1
498 1
fl=/rustc/90b35a6239c3d8bdabc530a6a0816f7ff89a0aaf/library/core/src/ops/function.rs
fn=std::rt::lang_start_internal
250 1
284 1
fl=/rustc/90b35a6239c3d8bdabc530a6a0816f7ff89a0aaf/library/core/src/option.rs
fn=<&std::io::stdio::Stdout as std::io::Write>::write_fmt
1015 6
fn=core::fmt::Formatter::pad
607 1
fn=std::rt::lang_start_internal
1015 2
fn=std::sync::once::Once::call_once::{{closure}}
970 2
1015 2
fn=std::sync::once::Once::call_once_force::{{closure}}
970 2
fl=/rustc/90b35a6239c3d8bdabc530a6a0816f7ff89a0aaf/library/core/src/ptr/alignment.rs
fn=alloc::sync::arcinner_layout_for_value_layout
160 3
fl=/rustc/90b35a6239c3d8bdabc530a6a0816f7ff89a0aaf/library/core/src/ptr/metadata.rs
fn=std::rt::lang_start_internal
129 1
fl=/rustc/90b35a6239c3d8bdabc530a6a0816f7ff89a0aaf/library/core/src/ptr/mod.rs
fn=<&std::io::stdio::Stdout as std::io::Write>::write_fmt
574 3
fn=<std::io::stdio::StdoutLock as std::io::Write>::write_all
1640 1026
fn=alloc::fmt::format::format_inner
1813 2136
fn=core::ptr::drop_in_place<std::io::buffered::linewriter::LineWriter<std::io::stdio::StdoutRaw>>
574 13
fn=core::slice::memchr::memrchr
2012 1026
2013 513
fn=std::rt::lang_start_internal
1640 18
fn=std::sync::once::Once::call_once::{{closure}}
1640 3
fn=std::sync::once::Once::call_once_force::{{closure}}
1435 1
1640 1
fl=/rustc/90b35a6239c3d8bdabc530a6a0816f7ff89a0aaf/library/core/src/ptr/mut_ptr.rs
fn=<alloc::string::String as core::fmt::Write>::write_str
1005 2848
fn=<std::io::stdio::StdoutLock as std::io::Write>::write_all
1005 534
fn=core::fmt::num::imp::<impl core::fmt::Display for i32>::fmt
1005 3888
fn=core::fmt::num::imp::<impl core::fmt::Display for u64>::fmt
1005 384
fn=core::fmt::num::imp::<impl core::fmt::Display for u8>::fmt
1005 324
fn=std::sync::once::Once::call_once::{{closure}}
1118 1
fn=std::sys::pal::unix::stack_overflow::imp::make_handler
1005 1
fl=/rustc/90b35a6239c3d8bdabc530a6a0816f7ff89a0aaf/library/core/src/ptr/non_null.rs
fn=alloc::fmt::format::format_inner
1709 712
fn=core::fmt::write
1709 5644
fn=core::slice::memchr::memrchr
1709 1679
fl=/rustc/90b35a6239c3d8bdabc530a6a0816f7ff89a0aaf/library/core/src/result.rs
fn=<std::io::stdio::StdoutLock as std::io::Write>::write_all
0 88
1997 84
fn=alloc::fmt::format::format_inner
1059 1424
fn=std::rt::lang_start_internal
1435 1
1456 2
fl=/rustc/90b35a6239c3d8bdabc530a6a0816f7ff89a0aaf/library/core/src/slice/index.rs
fn=<std::io::stdio::StdoutLock as std::io::Write>::write_all
117 4
588 6
fn=core::fmt::write
255 1207
fn=core::slice::memchr::memrchr
0 493
464 986
588 513
fn=std::io::buffered::bufwriter::BufWriter<W>::flush_buf
117 42
435 63
888 42
fl=/rustc/90b35a6239c3d8bdabc530a6a0816f7ff89a0aaf/library/core/src/slice/iter/macros.rs
fn=alloc::fmt::format::format_inner
0 1424
25 712
237 13528
fn=core::fmt::write
0 7893
25 3343
fn=core::slice::memchr::memrchr
0 46
25 1679
359 2052
360 663
361 762
fl=/rustc/90b35a6239c3d8bdabc530a6a0816f7ff89a0aaf/library/core/src/slice/memchr.rs
fn=core::slice::memchr::memrchr
0 1481
20 6
109 3078
126 1026
130 66
140 990
144 4
148 4
149 2
150 14
158 1326
159 3118
fl=/rustc/90b35a6239c3d8bdabc530a6a0816f7ff89a0aaf/library/core/src/slice/mod.rs
fn=<std::io::stdio::StdoutLock as std::io::Write>::write_all
284 980
2079 46
fn=core::slice::memchr::memrchr
3885 3591
fl=/rustc/90b35a6239c3d8bdabc530a6a0816f7ff89a0aaf/library/core/src/sync/atomic.rs
fn=<&std::io::stdio::Stdout as std::io::Write>::write_fmt
3314 9
3329 3
3347 3
3404 6
fn=std::io::stdio::_print
3330 3
fn=std::io::stdio::print_to_buffer_if_capture_used
3329 3
fn=std::rt::lang_start_internal
3314 5
3315 1
3329 5
3330 1
3436 1
fn=std::sync::once::Once::call_once::{{closure}}
3314 3
3329 3
3330 1
3347 1
3404 2
fn=std::sync::once_lock::OnceLock<T>::initialize
3330 1
fn=std::sys::exit_guard::unique_thread_exit
3329 4
3347 1
3404 2
fn=std::sys::pal::unix::args::imp::ARGV_INIT_ARRAY::init_wrapper
3314 2
fn=std::sys::pal::unix::stack_overflow::imp::make_handler
3329 1
3330 1
fn=std::sys::sync::once::futex::Once::call
0 3
3330 8
3347 2
3440 3
fn=std::sys::thread_local::guard::key::enable
3330 1
3408 2
fl=/rustc/90b35a6239c3d8bdabc530a6a0816f7ff89a0aaf/library/std/src/alloc.rs
fn=__rdl_alloc
396 8709
fn=__rdl_dealloc
406 3152
fn=__rdl_realloc
413 248
fl=/rustc/90b35a6239c3d8bdabc530a6a0816f7ff89a0aaf/library/std/src/io/buffered/bufwriter.rs
fn=<std::io::stdio::StdoutLock as std::io::Write>::write_all
0 538
447 534
453 557
546 1068
fn=core::ptr::drop_in_place<std::io::buffered::linewriter::LineWriter<std::io::stdio::StdoutRaw>>
0 3
683 2
685 2
fn=std::io::buffered::bufwriter::BufWriter<W>::flush_buf
0 84
195 176
211 168
216 42
221 64
228 21
234 44
235 21
237 21
239 105
252 176
fl=/rustc/90b35a6239c3d8bdabc530a6a0816f7ff89a0aaf/library/std/src/io/buffered/linewriter.rs
fn=std::sync::once::Once::call_once::{{closure}}
110 4
fl=/rustc/90b35a6239c3d8bdabc530a6a0816f7ff89a0aaf/library/std/src/io/buffered/linewritershim.rs
fn=<std::io::stdio::StdoutLock as std::io::Write>::write_all
0 42
40 982
47 938
262 2052
271 23
273 69
283 21
fl=/rustc/90b35a6239c3d8bdabc530a6a0816f7ff89a0aaf/library/std/src/io/mod.rs
fn=<&std::io::stdio::Stdout as std::io::Write>::write_fmt
0 6
1838 9
1839 18
fn=<std::io::Write::write_fmt::Adapter<T> as core::fmt::Write>::write_str
1827 3591
1828 3591
1835 3078
fn=<std::io::stdio::StdoutLock as std::io::Write>::write_all
0 8
1704 10
fl=/rustc/90b35a6239c3d8bdabc530a6a0816f7ff89a0aaf/library/std/src/io/stdio.rs
fn=<&std::io::stdio::Stdout as std::io::Write>::write_fmt
727 3
791 24
792 9
793 24
fn=<std::io::stdio::StdoutLock as std::io::Write>::write_all
817 4104
818 536
819 4104
fn=std::io::buffered::bufwriter::BufWriter<W>::flush_buf
190 168
fn=std::io::stdio::_print
766 12
1117 9
1122 15
1231 24
1233 12
fn=std::io::stdio::print_to_buffer_if_capture_used
1127 24
1128 6
1138 24
fn=std::sync::once::Once::call_once::{{closure}}
685 1
691 2
697 6
fl=/rustc/90b35a6239c3d8bdabc530a6a0816f7ff89a0aaf/library/std/src/panicking.rs
fn=std::sys::exit_guard::unique_thread_exit
0 1
440 5
fl=/rustc/90b35a6239c3d8bdabc530a6a0816f7ff89a0aaf/library/std/src/rt.rs
fn=std::rt::lang_start_internal
0 1
155 13
184 9
fl=/rustc/90b35a6239c3d8bdabc530a6a0816f7ff89a0aaf/library/std/src/sync/once.rs
fn=std::rt::lang_start_internal
153 1
157 2
158 7
fn=std::sync::once::Once::call_once::{{closure}}
158 13
fn=std::sync::once::Once::call_once_force::{{closure}}
217 9
fn=std::sync::once_lock::OnceLock<T>::initialize
212 1
216 6
217 9
fl=/rustc/90b35a6239c3d8bdabc530a6a0816f7ff89a0aaf/library/std/src/sync/once_lock.rs
fn=std::io::stdio::_print
387 3
390 2
fn=std::sync::once::Once::call_once::{{closure}}
387 1
fn=std::sync::once_lock::OnceLock<T>::initialize
526 4
fl=/rustc/90b35a6239c3d8bdabc530a6a0816f7ff89a0aaf/library/std/src/sync/reentrant_lock.rs
fn=<&std::io::stdio::Stdout as std::io::Write>::write_fmt
0 12
106 3
289 3
295 3
410 3
411 3
fn=<std::io::stdio::StdoutLock as std::io::Write>::write_all
386 513
fn=std::sync::once::Once::call_once::{{closure}}
0 2
106 1
333 1
410 1
411 1
fl=/rustc/90b35a6239c3d8bdabc530a6a0816f7ff89a0aaf/library/std/src/sys/alloc/unix.rs
fn=__rdl_alloc
13 52254
14 17418
fn=__rdl_dealloc
48 3152
fn=__rdl_realloc
53 186
54 248
fl=/rustc/90b35a6239c3d8bdabc530a6a0816f7ff89a0aaf/library/std/src/sys/exit_guard.rs
fn=std::sys::exit_guard::unique_thread_exit
32 6
33 3
38 2
43 2
61 6
fl=/rustc/90b35a6239c3d8bdabc530a6a0816f7ff89a0aaf/library/std/src/sys/pal/unix/args.rs
fn=std::sys::pal::unix::args::imp::ARGV_INIT_ARRAY::init_wrapper
156 2
162 1
164 2
fl=/rustc/90b35a6239c3d8bdabc530a6a0816f7ff89a0aaf/library/std/src/sys/pal/unix/fd.rs
fn=<std::io::stdio::StdoutLock as std::io::Write>::write_all
306 6
fn=std::io::buffered::bufwriter::BufWriter<W>::flush_buf
306 105
fl=/rustc/90b35a6239c3d8bdabc530a6a0816f7ff89a0aaf/library/std/src/sys/pal/unix/mod.rs
fn=<std::io::stdio::StdoutLock as std::io::Write>::write_all
314 8
fn=std::io::buffered::bufwriter::BufWriter<W>::flush_buf
304 63
314 21
fn=std::rt::lang_start_internal
0 3
91 7
97 6
114 6
185 5
196 4
fl=/rustc/90b35a6239c3d8bdabc530a6a0816f7ff89a0aaf/library/std/src/sys/pal/unix/os.rs
fn=std::rt::lang_start_internal
698 2
fl=/rustc/90b35a6239c3d8bdabc530a6a0816f7ff89a0aaf/library/std/src/sys/pal/unix/stack_overflow.rs
fn=std::rt::lang_start_internal
0 1
138 7
140 4
141 4
144 2
148 2
149 6
151 6
329 4
330 2
332 4
333 4
334 2
337 4
352 10
353 5
394 2
fn=std::sync::once::Once::call_once::{{closure}}
245 2
248 4
258 2
261 4
270 2
fn=std::sys::pal::unix::stack_overflow::imp::make_handler
0 1
187 6
189 1
195 2
198 4
199 2
210 6
211 2
215 2
224 2
226 2
229 4
230 2
232 1
236 7
270 2
fl=/rustc/90b35a6239c3d8bdabc530a6a0816f7ff89a0aaf/library/std/src/sys/sync/mutex/futex.rs
fn=<&std::io::stdio::Stdout as std::io::Write>::write_fmt
84 6
fn=std::sync::once::Once::call_once::{{closure}}
84 2
fn=std::sys::exit_guard::unique_thread_exit
84 2
fl=/rustc/90b35a6239c3d8bdabc530a6a0816f7ff89a0aaf/library/std/src/sys/sync/once/futex.rs
fn=std::io::stdio::_print
81 3
fn=std::rt::lang_start_internal
81 1
fn=std::sync::once::Once::call_once::{{closure}}
81 1
fn=std::sync::once_lock::OnceLock<T>::initialize
81 1
fn=std::sys::sync::once::futex::Once::call
0 6
61 4
140 22
143 4
144 4
145 6
153 2
154 2
171 10
173 3
177 2
204 16
fl=/rustc/90b35a6239c3d8bdabc530a6a0816f7ff89a0aaf/library/std/src/sys/thread_local/guard/key.rs
fn=std::sys::thread_local::guard::key::enable
9 5
31 5
fl=/rustc/90b35a6239c3d8bdabc530a6a0816f7ff89a0aaf/library/std/src/sys/thread_local/key/racy.rs
fn=std::sys::thread_local::guard::key::enable
40 2
56 1
57 2
60 1
66 3
67 1
fl=/rustc/90b35a6239c3d8bdabc530a6a0816f7ff89a0aaf/library/std/src/sys/thread_local/key/unix.rs
fn=std::sys::thread_local::guard::key::enable
7 4
8 9
9 2
14 2
26 2
fl=/rustc/90b35a6239c3d8bdabc530a6a0816f7ff89a0aaf/library/std/src/thread/current.rs
fn=std::rt::lang_start_internal
116 2
120 2
121 1
128 1
fl=/rustc/90b35a6239c3d8bdabc530a6a0816f7ff89a0aaf/library/std/src/thread/mod.rs
fn=std::rt::lang_start_internal
1186 1
fl=???
fn=(below main)
0 12
fn=???
0 563
fn=__cpu_indicator_init
0 367
fn=__rust_alloc
0 8709
fn=__rust_dealloc
0 1576
fn=__rust_realloc
0 31
fn=main
0 12
summary: 6867728
